,H3_cell,mean_price,median_price,total_paid,count,geometry
0,85182993fffffff,290000.0,275000.0,3190000,11,"POLYGON ((-5.39163649541092 51.97830689396502, -5.494393955936717 51.92499627265971, -5.463929447656547 51.83907181114937, -5.331095374524543 51.80648091569761, -5.228511136178179 51.85972339013873, -5.258587548629632 51.94562471981433, -5.39163649541092 51.97830689396502))"
1,85182997fffffff,311705.82352941175,235000.0,5298999,17,"POLYGON ((-5.228511136178179 51.85972339013873, -5.331095374524543 51.80648091569761, -5.300968863578987 51.72047400887718, -5.168644474435362 51.68773355972245, -5.066234695487872 51.74090847329129, -5.095974655253904 51.82689121091614, -5.228511136178179 51.85972339013873))"
2,85182d23fffffff,185800.0,170000.0,10033200,54,"POLYGON ((-5.082651351106127 52.13731186900968, -5.185764733627501 52.08446484969014, -5.155739235845158 51.99866978786616, -5.022990493881321 51.96574592485506, -4.920055011909874 52.01852567374181, -4.949690184700649 52.10429636831296, -5.082651351106127 52.13731186900968))"
3,85182d27fffffff,217619.11627906977,192000.0,9357622,43,"POLYGON ((-4.920055011909874 52.01852567374181, -5.022990493881321 51.96574592485506, -4.99330251460907 51.8798688644427, -4.861067605632378 51.84679677048858, -4.758311219715988 51.89950984639003, -4.787610469138753 51.98536150263083, -4.920055011909874 52.01852567374181))"
4,85182d2ffffffff,276070.3125,226000.0,17668500,64,"POLYGON ((-5.155739235845158 51.99866978786616, -5.258587548629632 51.94562471981433, -5.228511136178179 51.85972339013873, -5.095974655253904 51.82689121091614, -4.99330251460907 51.8798688644427, -5.022990493881321 51.96574592485506, -5.155739235845158 51.99866978786616))"
5,85182d37fffffff,358458.3333333333,298000.0,8603000,24,"POLYGON ((-4.846490379003559 52.15687757631154, -4.949690184700649 52.10429636831296, -4.920055011909874 52.01852567374181, -4.787610469138753 51.98536150263083, -4.684591499925723 52.03787618657623, -4.713836061736165 52.12362137819722, -4.846490379003559 52.15687757631154))"
8,85187293fffffff,362045.45454545453,390000.0,3982500,11,"POLYGON ((-6.375900417630357 50.00201110786252, -6.475041217562749 49.94600678958152, -6.443971376780897 49.85867260511042, -6.314123014128928 49.82736409993692, -6.215132995378246 49.88329807586974, -6.245840333401537 49.97061072422721, -6.375900417630357 50.00201110786252))"
9,85187413fffffff,427405.2631578947,410000.0,8120700,19,"POLYGON ((-4.644286465227518 50.84460414227664, -4.745225563250929 50.79110785756839, -4.716589315562054 50.70440993741649, -4.58738720469263 50.67123703084574, -4.486623252181782 50.72466808674839, -4.514886110438098 50.81133710029483, -4.644286465227518 50.84460414227664))"
10,85187483fffffff,253704.66129032258,257500.0,15729689,62,"POLYGON ((-4.340812135809276 51.00418386722088, -4.442079299302558 50.95114230454934, -4.413871000975536 50.86457375009718, -4.284770729519976 50.83107672296119, -4.183683065913268 50.8840539917421, -4.211516032001266 50.970592403415, -4.340812135809276 51.00418386722088))"
11,85187487fffffff,315011.36363636365,288750.0,13860500,44,"POLYGON ((-4.183683065913268 50.8840539917421, -4.284770729519976 50.83107672296119, -4.256881457391906 50.74443773084482, -4.128278133462571 50.71080696363047, -4.027370979875902 50.76372049726491, -4.054886506355523 50.85032835634127, -4.183683065913268 50.8840539917421))"
12,8518748bfffffff,313864.5641025641,255000.0,48962872,156,"POLYGON ((-4.571678005498153 50.98450341518569, -4.672869909616042 50.9312017241846, -4.644286465227518 50.84460414227664, -4.514886110438098 50.81133710029483, -4.413871000975536 50.86457375009718, -4.442079299302558 50.95114230454934, -4.571678005498153 50.98450341518569))"
13,8518748ffffffff,298888.77358490566,230000.0,15841105,53,"POLYGON ((-4.413871000975536 50.86457375009718, -4.514886110438098 50.81133710029483, -4.486623252181782 50.72466808674839, -4.357718726381222 50.69126556708913, -4.256881457391906 50.74443773084482, -4.284770729519976 50.83107672296119, -4.413871000975536 50.86457375009718))"
14,85187493fffffff,276995.7424892704,230000.0,129080016,466,"POLYGON ((-4.267444953340611 51.14349702000106, -4.368965070136163 51.09065121698396, -4.340812135809276 51.00418386722088, -4.211516032001266 50.970592403415, -4.110177089009285 51.02337410252889, -4.137952936533132 51.10981119042187, -4.267444953340611 51.14349702000106))"
15,85187497fffffff,292450.54807692306,232500.0,30414857,104,"POLYGON ((-4.110177089009285 51.02337410252889, -4.211516032001266 50.970592403415, -4.183683065913268 50.8840539917421, -4.054886506355523 50.85032835634127, -3.953729742701045 50.90304651700967, -3.981187227848731 50.98955367382511, -4.110177089009285 51.02337410252889))"
16,8518749bfffffff,259856.91666666666,222500.0,3118283,12,"POLYGON ((-4.498762229342218 51.12410632944464, -4.600207851160959 51.07099991098289, -4.571678005498153 50.98450341518569, -4.442079299302558 50.95114230454934, -4.340812135809276 51.00418386722088, -4.368965070136163 51.09065121698396, -4.498762229342218 51.12410632944464))"
18,8519400bfffffff,180520.5128205128,152500.0,7040300,39,"POLYGON ((-0.04239074790099406 53.72908822951811, -0.1490177749095952 53.6830492214841, -0.1269143711643511 53.59897939343111, 0.001409834311970959 53.56099362723907, 0.1077909500074361 53.60698223349774, 0.08609371537287519 53.69100682387285, -0.04239074790099406 53.72908822951811))"
19,8519400ffffffff,212617.3076923077,160000.0,8292075,39,"POLYGON ((0.1077909500074361 53.60698223349774, 0.001409834311970959 53.56099362723907, 0.0232019394049032 53.47685469621947, 0.1509712148568125 53.43875040067279, 0.2571060313370548 53.48468931310462, 0.2357178085425575 53.56878203289552, 0.1077909500074361 53.60698223349774))"
20,8519401bfffffff,129832.70370370371,120000.0,10516449,81,"POLYGON ((0.04248329617456244 53.8588716972588, -0.06439992943766677 53.81304323728322, -0.04239074790099406 53.72908822951811, 0.08609371537287519 53.69100682387285, 0.1927289793163692 53.73678509446205, 0.1711276809147541 53.82069477549482, 0.04248329617456244 53.8588716972588))"
21,85194023fffffff,220997.5,155000.0,4419950,20,"POLYGON ((0.4055599649987281 53.36221307809506, 0.2996718067675038 53.31632315741447, 0.3208500382879735 53.23205039028053, 0.4475170340327314 53.19371550077236, 0.5531582032544099 53.23955712584712, 0.5323792894626892 53.32378175771275, 0.4055599649987281 53.36221307809506))"
22,8519402bfffffff,194787.06666666668,171000.0,29218060,150,"POLYGON ((0.1724549366375802 53.35454382436485, 0.06657152188867078 53.30839524322997, 0.08814969039523178 53.22407539279637, 0.2152112714367204 53.18595102732819, 0.3208500382879735 53.23205039028053, 0.2996718067675038 53.31632315741447, 0.1724549366375802 53.35454382436485))"
23,8519402ffffffff,183199.8661087866,152000.0,43784768,239,"POLYGON ((0.3208500382879735 53.23205039028053, 0.2152112714367204 53.18595102732819, 0.2364845629806597 53.10156548073592, 0.3629988700845644 53.06332715930346, 0.4683926460475609 53.10937799402411, 0.4475170340327314 53.19371550077236, 0.3208500382879735 53.23205039028053))"
24,8519403bfffffff,137536.08653846153,135000.0,14303753,104,"POLYGON ((0.2571060313370548 53.48468931310462, 0.1509712148568125 53.43875040067279, 0.1724549366375802 53.35454382436485, 0.2996718067675038 53.31632315741447, 0.4055599649987281 53.36221307809506, 0.3844778416081305 53.44637247730561, 0.2571060313370548 53.48468931310462))"
25,85194043fffffff,188663.1733716475,135000.0,590893059,3132,"POLYGON ((-0.4297586799123355 53.84265575326241, -0.5366166836257754 53.79630328335887, -0.513790050197752 53.71226083861591, -0.3845144438969616 53.67461385755767, -0.27789942826918 53.72091429135862, -0.3003170682787332 53.80491355558511, -0.4297586799123355 53.84265575326241))"
26,85194047fffffff,161521.2311557789,142500.0,32142725,199,"POLYGON ((-0.27789942826918 53.72091429135862, -0.3845144438969616 53.67461385755767, -0.3620043141245897 53.59049986183638, -0.2332859393810246 53.55273028265488, -0.1269143711643511 53.59897939343111, -0.1490177749095952 53.6830492214841, -0.27789942826918 53.72091429135862))"
27,8519404bfffffff,241066.8196286472,199950.0,90882191,377,"POLYGON ((-0.666451991595394 53.83382548357444, -0.7732916485705119 53.78721000138858, -0.7500555275465403 53.70312545760413, -0.6203892627801073 53.66569830729542, -0.513790050197752 53.71226083861591, -0.5366166836257754 53.79630328335887, -0.666451991595394 53.83382548357444))"
28,8519404ffffffff,179477.3680981595,155000.0,58509622,326,"POLYGON ((-0.513790050197752 53.71226083861591, -0.6203892627801073 53.66569830729542, -0.5974718902105299 53.58154121954265, -0.4683625808633799 53.54398956917153, -0.3620043141245897 53.59049986183638, -0.3845144438969616 53.67461385755767, -0.513790050197752 53.71226083861591))"
29,85194053fffffff,201590.18215613381,185000.0,54227759,269,"POLYGON ((-0.3453759486192545 53.97272494827599, -0.4524935160465283 53.92658298965491, -0.4297586799123355 53.84265575326241, -0.3003170682787332 53.80491355558511, -0.1934445473313622 53.85100367915626, -0.2157686334457191 53.93488764795185, -0.3453759486192545 53.97272494827599))"
30,85194057fffffff,145376.64583333334,125250.0,69780790,480,"POLYGON ((-0.1934445473313622 53.85100367915626, -0.3003170682787332 53.80491355558511, -0.27789942826918 53.72091429135862, -0.1490177749095952 53.6830492214841, -0.04239074790099406 53.72908822951811, -0.06439992943766677 53.81304323728322, -0.1934445473313622 53.85100367915626))"
31,8519405bfffffff,287484.5986842105,226500.0,87395318,304,"POLYGON ((-0.5824975882358464 53.96420013043572, -0.6895980901110259 53.91779490572579, -0.666451991595394 53.83382548357444, -0.5366166836257754 53.79630328335887, -0.4297586799123355 53.84265575326241, -0.4524935160465283 53.92658298965491, -0.5824975882358464 53.96420013043572))"
32,85194063fffffff,249663.88888888888,213500.0,8987900,36,"POLYGON ((-0.2110893737047388 53.46854620444039, -0.3172062236389127 53.42208744378737, -0.2949175468126654 53.33778969315732, -0.1669148248774235 53.29999557604085, -0.06103983282686454 53.34640350569517, -0.0829257520593922 53.43065620108092, -0.2110893737047388 53.46854620444039))"
33,85194067fffffff,215001.04761904763,185000.0,22575110,105,"POLYGON ((-0.06103983282686454 53.34640350569517, -0.1669148248774235 53.29999557604085, -0.1449361384423178 53.21562970017968, -0.0174830319751611 53.17771759882081, 0.08814969039523178 53.22407539279637, 0.06657152188867078 53.30839524322997, -0.06103983282686454 53.34640350569517))"
34,8519406bfffffff,227776.92307692306,189500.0,23688800,104,"POLYGON ((-0.4457610158490804 53.45976141351786, -0.5518632906529803 53.41304172092504, -0.5291713353834577 53.32869998456034, -0.4007804196032888 53.29112174308825, -0.2949175468126654 53.33778969315732, -0.3172062236389127 53.42208744378737, -0.4457610158490804 53.45976141351786))"
35,8519406ffffffff,257503.9019607843,199950.0,13132699,51,"POLYGON ((-0.2949175468126654 53.33778969315732, -0.4007804196032888 53.29112174308825, -0.3784006729870744 53.20671090544, -0.2505591566288708 53.16901279799396, -0.1449361384423178 53.21562970017968, -0.1669148248774235 53.29999557604085, -0.2949175468126654 53.33778969315732))"
36,85194073fffffff,145614.0592145015,129950.0,240991268,1655,"POLYGON ((-0.1269143711643511 53.59897939343111, -0.2332859393810246 53.55273028265488, -0.2110893737047388 53.46854620444039, -0.0829257520593922 53.43065620108092, 0.0232019394049032 53.47685469621947, 0.001409834311970959 53.56099362723907, -0.1269143711643511 53.59897939343111))"
37,85194077fffffff,209776.46979865772,188750.0,62513388,298,"POLYGON ((0.0232019394049032 53.47685469621947, -0.0829257520593922 53.43065620108092, -0.06103983282686454 53.34640350569517, 0.06657152188867078 53.30839524322997, 0.1724549366375802 53.35454382436485, 0.1509712148568125 53.43875040067279, 0.0232019394049032 53.47685469621947))"
38,8519407bfffffff,226026.95588235295,189800.0,15369833,68,"POLYGON ((-0.3620043141245897 53.59049986183638, -0.4683625808633799 53.54398956917153, -0.4457610158490804 53.45976141351786, -0.3172062236389127 53.42208744378737, -0.2110893737047388 53.46854620444039, -0.2332859393810246 53.55273028265488, -0.3620043141245897 53.59049986183638))"
39,851940cbfffffff,165426.19047619047,141250.0,20843700,126,"POLYGON ((-0.2606400163387274 54.10246742357981, -0.3680179195805043 54.05653641860997, -0.3453759486192545 53.97272494827599, -0.2157686334457191 53.93488764795185, -0.1086378513396644 53.98076701745049, -0.1308673097374058 54.0645351344718, -0.2606400163387274 54.10246742357981))"
40,851940cffffffff,163033.75912408758,138000.0,22335625,137,"POLYGON ((-0.1086378513396644 53.98076701745049, -0.2157686334457191 53.93488764795185, -0.1934445473313622 53.85100367915626, -0.06439992943766677 53.81304323728322, 0.04248329617456244 53.8588716972588, 0.02056940669612442 53.94271132219645, -0.1086378513396644 53.98076701745049))"
41,851940dbfffffff,150546.3040201005,139225.0,59917429,398,"POLYGON ((-0.1755490338358478 54.23188219414396, -0.2831880444415337 54.18616257774539, -0.2606400163387274 54.10246742357981, -0.1308673097374058 54.0645351344718, -0.02347751129448608 54.11020331353107, -0.04561125838709093 54.19385502999277, -0.1755490338358478 54.23188219414396))"
42,85194103fffffff,311621.5610859729,270000.0,68868365,221,"POLYGON ((1.220398706054021 52.87712542072891, 1.115508111067344 52.83167881260074, 1.135102632084267 52.74720765194168, 1.259198132896651 52.70823584155912, 1.363838538977947 52.75363780524542, 1.344633521999528 52.83805605413297, 1.220398706054021 52.87712542072891))"
43,85194107fffffff,257448.0330237358,219497.5,498934288,1938,"POLYGON ((1.363838538977947 52.75363780524542, 1.259198132896651 52.70823584155912, 1.278503554156162 52.62370663240103, 1.402062037229967 52.58463304416347, 1.506452094076475 52.62999102873953, 1.487533900335468 52.71446641292761, 1.363838538977947 52.75363780524542))"
44,8519410bfffffff,299169.5035460993,260000.0,42182900,141,"POLYGON ((0.9908730061476685 52.87054675120488, 0.8859745145344897 52.82484589618485, 0.9059592695930241 52.74032284482958, 1.030452181396206 52.70155236830836, 1.135102632084267 52.74720765194168, 1.115508111067344 52.83167881260074, 0.9908730061476685 52.87054675120488))"
45,8519410ffffffff,271398.87543252594,246000.0,313737100,1156,"POLYGON ((1.135102632084267 52.74720765194168, 1.030452181396206 52.70155236830836, 1.050145577047749 52.61697034897262, 1.174101342417723 52.57809625443504, 1.278503554156162 52.62370663240103, 1.259198132896651 52.70823584155912, 1.135102632084267 52.74720765194168))"
46,85194113fffffff,302711.8302872063,270000.0,115938631,383,"POLYGON ((1.306035451941844 53.00672259521522, 1.200904094364053 52.9614851120101, 1.220398706054021 52.87712542072891, 1.344633521999528 52.83805605413297, 1.449512726630807 52.88324915266524, 1.430409152470217 52.96755583223084, 1.306035451941844 53.00672259521522))"
47,85194117fffffff,237502.62826086956,211500.0,109251209,460,"POLYGON ((1.449512726630807 52.88324915266524, 1.344633521999528 52.83805605413297, 1.363838538977947 52.75363780524542, 1.487533900335468 52.71446641292761, 1.592160804722779 52.75961579795332, 1.573344526614233 52.84398012047066, 1.449512726630807 52.88324915266524))"
48,8519411bfffffff,394228.616,329997.5,98557154,250,"POLYGON ((1.076127207206729 53.00045035745669, 0.9709866085705763 52.95495843327163, 0.9908730061476685 52.87054675120488, 1.115508111067344 52.83167881260074, 1.220398706054021 52.87712542072891, 1.200904094364053 52.9614851120101, 1.076127207206729 53.00045035745669))"
49,85194123fffffff,301511.4671532847,250000.0,41307071,137,"POLYGON ((1.421081113008476 52.50004721315996, 1.316927313363889 52.45448108136587, 1.336046246076628 52.36978542587867, 1.458935390173195 52.33071036273516, 1.562840628923834 52.37623290158768, 1.544105166838067 52.46087393125873, 1.421081113008476 52.50004721315996))"
50,85194127fffffff,358837.87046632124,290000.0,69255709,193,"POLYGON ((1.562840628923834 52.37623290158768, 1.458935390173195 52.33071036273516, 1.477771174956807 52.24596003210688, 1.60013084849948 52.20678759889599, 1.703787401372272 52.25226719173328, 1.685332843635716 52.33696200040612, 1.562840628923834 52.37623290158768))"
51,8519412bfffffff,279125.6408668731,250500.0,90157582,323,"POLYGON ((1.193506138025941 52.49345670154413, 1.08934151483883 52.44763836788881, 1.108844663407516 52.36288909531547, 1.232128111634322 52.32401160693584, 1.336046246076628 52.36978542587867, 1.316927313363889 52.45448108136587, 1.193506138025941 52.49345670154413))"
52,8519412ffffffff,337405.1518324607,299500.0,64444384,191,"POLYGON ((1.336046246076628 52.36978542587867, 1.232128111634322 52.32401160693584, 1.251345884611225 52.23920675679882, 1.374099690703379 52.2002300804246, 1.477771174956807 52.24596003210688, 1.458935390173195 52.33071036273516, 1.336046246076628 52.36978542587867))"
53,85194133fffffff,291332.0855614973,250000.0,54479100,187,"POLYGON ((1.506452094076475 52.62999102873953, 1.402062037229967 52.58463304416347, 1.421081113008476 52.50004721315996, 1.544105166838067 52.46087393125873, 1.648244738505904 52.50618859573208, 1.629610619326301 52.59071969636305, 1.506452094076475 52.62999102873953))"
54,85194137fffffff,218518.30307467058,189000.0,149248001,683,"POLYGON ((1.648244738505904 52.50618859573208, 1.544105166838067 52.46087393125873, 1.562840628923834 52.37623290158768, 1.685332843635716 52.33696200040612, 1.789221818033625 52.3822339974214, 1.770869047490121 52.46681939912106, 1.648244738505904 52.50618859573208))"
55,8519413bfffffff,323664.09076682315,275000.0,206821354,639,"POLYGON ((1.278503554156162 52.62370663240103, 1.174101342417723 52.57809625443504, 1.193506138025941 52.49345670154413, 1.316927313363889 52.45448108136587, 1.421081113008476 52.50004721315996, 1.402062037229967 52.58463304416347, 1.278503554156162 52.62370663240103))"
56,85194143fffffff,503053.5619047619,380000.0,52820624,105,"POLYGON ((0.6150881449491086 52.98653022317164, 0.5099396752540106 52.94052723265687, 0.530611746287199 52.85601465729729, 0.6560390277065906 52.81755482833613, 0.7609419027926762 52.86351065269304, 0.740663006719026 52.94797329821292, 0.6150881449491086 52.98653022317164))"
57,85194147fffffff,267726.56296296295,225000.0,36143086,135,"POLYGON ((0.7609419027926762 52.86351065269304, 0.6560390277065906 52.81755482833613, 0.6764147112454869 52.73298091371785, 0.8013022509824965 52.69441351461037, 0.9059592695930241 52.74032284482958, 0.8859745145344897 52.82484589618485, 0.7609419027926762 52.86351065269304))"
58,8519414bfffffff,268949.0144927536,250000.0,74229928,276,"POLYGON ((0.3839701364618194 52.9788773721714, 0.2788230746593015 52.93261778666272, 0.2998889605792325 52.84805632123376, 0.4257080197307518 52.80980315625261, 0.530611746287199 52.85601465729729, 0.5099396752540106 52.94052723265687, 0.3839701364618194 52.9788773721714))"
59,8519414ffffffff,275036.3711790393,240000.0,62983329,229,"POLYGON ((0.530611746287199 52.85601465729729, 0.4257080197307518 52.80980315625261, 0.4464752902340908 52.72517941204107, 0.5717546204319798 52.68681682516413, 0.6764147112454869 52.73298091371785, 0.6560390277065906 52.81755482833613, 0.530611746287199 52.85601465729729))"
61,85194157fffffff,404686.162601626,330000.0,49776398,123,"POLYGON ((0.8458093158080984 52.99372039651988, 0.740663006719026 52.94797329821292, 0.7609419027926762 52.86351065269304, 0.8859745145344897 52.82484589618485, 0.9908730061476685 52.87054675120488, 0.9709866085705763 52.95495843327163, 0.8458093158080984 52.99372039651988))"
62,8519415bfffffff,501738.0,412000.0,12543450,25,"POLYGON ((0.4683926460475609 53.10937799402411, 0.3629988700845644 53.06332715930346, 0.3839701364618194 52.9788773721714, 0.5099396752540106 52.94052723265687, 0.6150881449491086 52.98653022317164, 0.5945123039848268 53.07093102160814, 0.4683926460475609 53.10937799402411))"
63,85194163fffffff,240445.04210526316,206995.0,68526837,285,"POLYGON ((0.8213843329111187 52.60977970632176, 0.7169681519291641 52.56366236425442, 0.7371465388215296 52.47891841894724, 0.8613538721905883 52.44034333158931, 0.9655258951103352 52.48641458715837, 0.9457346508606187 52.57110684694678, 0.8213843329111187 52.60977970632176))"
64,85194167fffffff,326437.77456647396,285000.0,56473735,173,"POLYGON ((0.9655258951103352 52.48641458715837, 0.8613538721905883 52.44034333158931, 0.8812419475963249 52.35554145712137, 1.004917021465023 52.31686327231878, 1.108844663407516 52.36288909531547, 1.08934151483883 52.44763836788881, 0.9655258951103352 52.48641458715837))"
65,8519416bfffffff,218994.99444444446,200000.0,39419099,180,"POLYGON ((0.5922260651431025 52.60213225546136, 0.4878081076711725 52.55576037229977, 0.5083742960131257 52.47096576912291, 0.6329705588084736 52.43259353614003, 0.7371465388215296 52.47891841894724, 0.7169681519291641 52.56366236425442, 0.5922260651431025 52.60213225546136))"
66,8519416ffffffff,224344.56326530612,185000.0,54964418,245,"POLYGON ((0.7371465388215296 52.47891841894724, 0.6329705588084736 52.43259353614003, 0.6532442374002405 52.34774008131468, 0.7773082053426663 52.30926292063635, 0.8812419475963249 52.35554145712137, 0.8613538721905883 52.44034333158931, 0.7371465388215296 52.47891841894724))"
67,85194173fffffff,252864.83046683046,215000.0,102915986,407,"POLYGON ((0.9059592695930241 52.74032284482958, 0.8013022509824965 52.69441351461037, 0.8213843329111187 52.60977970632176, 0.9457346508606187 52.57110684694678, 1.050145577047749 52.61697034897262, 1.030452181396206 52.70155236830836, 0.9059592695930241 52.74032284482958))"
68,85194177fffffff,278842.4667774086,245000.0,167863165,602,"POLYGON ((1.050145577047749 52.61697034897262, 0.9457346508606187 52.57110684694678, 0.9655258951103352 52.48641458715837, 1.08934151483883 52.44763836788881, 1.193506138025941 52.49345670154413, 1.174101342417723 52.57809625443504, 1.050145577047749 52.61697034897262))"
69,8519417bfffffff,246824.83116883118,223250.0,57016536,231,"POLYGON ((0.6764147112454869 52.73298091371785, 0.5717546204319798 52.68681682516413, 0.5922260651431025 52.60213225546136, 0.7169681519291641 52.56366236425442, 0.8213843329111187 52.60977970632176, 0.8013022509824965 52.69441351461037, 0.6764147112454869 52.73298091371785))"
70,851941a3fffffff,172785.7142857143,170000.0,2419000,14,"POLYGON ((1.820063318665049 52.76514414569436, 1.715453352911379 52.72024658363929, 1.733985100596674 52.63582603266513, 1.856741046826718 52.59635871345188, 1.961096552132608 52.6412141607985, 1.942950434858226 52.72557887697672, 1.820063318665049 52.76514414569436))"
71,851941abfffffff,211482.6442831216,203000.0,116526937,551,"POLYGON ((1.592160804722779 52.75961579795332, 1.487533900335468 52.71446641292761, 1.506452094076475 52.62999102873953, 1.629610619326301 52.59071969636305, 1.733985100596674 52.63582603266513, 1.715453352911379 52.72024658363929, 1.592160804722779 52.75961579795332))"
72,851941affffffff,181514.44675540764,159113.0,218180365,1202,"POLYGON ((1.733985100596674 52.63582603266513, 1.629610619326301 52.59071969636305, 1.648244738505904 52.50618859573208, 1.770869047490121 52.46681939912106, 1.874991006657601 52.51188334506056, 1.856741046826718 52.59635871345188, 1.733985100596674 52.63582603266513))"
74,85194203fffffff,151889.63334576652,130000.0,407216107,2681,"POLYGON ((-1.461029134144323 53.67280403653093, -1.567526897933987 53.62518673744879, -1.542976202028221 53.54086814540766, -1.4123366293113 53.50420539882269, -1.306069434381779 53.55176685722357, -1.33021122905395 53.63604671314501, -1.461029134144323 53.67280403653093))"
75,85194207fffffff,142673.37365475678,120500.0,331430247,2323,"POLYGON ((-1.306069434381779 53.55176685722357, -1.4123366293113 53.50420539882269, -1.388110482730093 53.41981174043124, -1.258023886613464 53.38301909643032, -1.151987899524547 53.43052541597309, -1.175807294290641 53.51487933031612, -1.306069434381779 53.55176685722357))"
76,8519420bfffffff,255435.27914110429,211000.0,249815703,978,"POLYGON ((-1.698721717224249 53.66171738121155, -1.805184485929516 53.61383488280752, -1.780224578034678 53.52947865621699, -1.649211087177057 53.49304237199022, -1.542976202028221 53.54086814540766, -1.567526897933987 53.62518673744879, -1.698721717224249 53.66171738121155))"
77,8519420ffffffff,176003.67974824138,145000.0,475385939,2701,"POLYGON ((-1.542976202028221 53.54086814540766, -1.649211087177057 53.49304237199022, -1.624577853007579 53.40861006575553, -1.494116803020415 53.37204199185134, -1.388110482730093 53.41981174043124, -1.4123366293113 53.50420539882269, -1.542976202028221 53.54086814540766))"
78,85194213fffffff,177171.2516325642,165000.0,406962365,2297,"POLYGON ((-1.378734788898298 53.80441667873625, -1.485496269940627 53.7570083355008, -1.461029134144323 53.67280403653093, -1.33021122905395 53.63604671314501, -1.223682337355066 53.68339939821499, -1.247738751219324 53.76756487427181, -1.378734788898298 53.80441667873625))"
79,85194217fffffff,141411.60330578513,124999.5,136886432,968,"POLYGON ((-1.223682337355066 53.68339939821499, -1.33021122905395 53.63604671314501, -1.306069434381779 53.55176685722357, -1.175807294290641 53.51487933031612, -1.069511620671945 53.5621770657056, -1.093244866733979 53.64641708882183, -1.223682337355066 53.68339939821499))"
80,8519421bfffffff,179633.97912005967,155000.0,722667498,4023,"POLYGON ((-1.616872241302334 53.79363324761728, -1.723599902529843 53.74595940098855, -1.698721717224249 53.66171738121155, -1.567526897933987 53.62518673744879, -1.461029134144323 53.67280403653093, -1.485496269940627 53.7570083355008, -1.616872241302334 53.79363324761728))"
81,85194223fffffff,151437.6277665996,135000.0,225793503,1491,"POLYGON ((-1.234119369207733 53.29855187456028, -1.339896475635689 53.25083745565213, -1.315907852107032 53.16625751776341, -1.186544954507653 53.12943246553278, -1.080997679252693 53.17709224487653, -1.104583467622143 53.26163153043655, -1.234119369207733 53.29855187456028))"
82,85194227fffffff,256531.7666232073,224995.0,196759865,767,"POLYGON ((-1.080997679252693 53.17709224487653, -1.186544954507653 53.12943246553278, -1.162874307170192 53.04478096948352, -1.034057097197043 53.0078307123535, -0.9287402393301954 53.05543653710927, -0.9520101787170984 53.14004638969504, -1.080997679252693 53.17709224487653))"
83,8519422bfffffff,209681.96830601094,165000.0,191859001,915,"POLYGON ((-1.469807323774844 53.28753511620196, -1.575553591307556 53.23955756829474, -1.551161789070745 53.15493806844753, -1.421426883611966 53.11833549200201, -1.315907852107032 53.16625751776341, -1.339896475635689 53.25083745565213, -1.469807323774844 53.28753511620196))"
84,8519422ffffffff,173248.03147908582,150000.0,401762185,2319,"POLYGON ((-1.315907852107032 53.16625751776341, -1.421426883611966 53.11833549200201, -1.397355161010309 53.03364343744121, -1.268165475392686 52.99691378235406, -1.162874307170192 53.04478096948352, -1.186544954507653 53.12943246553278, -1.315907852107032 53.16625751776341))"
85,85194233fffffff,175914.10897435897,145000.0,164655606,936,"POLYGON ((-1.151987899524547 53.43052541597309, -1.258023886613464 53.38301909643032, -1.234119369207733 53.29855187456028, -1.104583467622143 53.26163153043655, -0.9987792955245636 53.30908340782691, -1.022279211259612 53.39350988513186, -1.151987899524547 53.43052541597309))"
86,85194237fffffff,184476.33716475096,142000.0,48148324,261,"POLYGON ((-0.9987792955245636 53.30908340782691, -1.104583467622143 53.26163153043655, -1.080997679252693 53.17709224487653, -0.9520101787170984 53.14004638969504, -0.8464383975364234 53.18744451644866, -0.8696217347000904 53.27194206436594, -0.9987792955245636 53.30908340782691))"
87,8519423bfffffff,181953.2256783587,150000.0,549862648,3022,"POLYGON ((-1.388110482730093 53.41981174043124, -1.494116803020415 53.37204199185134, -1.469807323774844 53.28753511620196, -1.339896475635689 53.25083745565213, -1.234119369207733 53.29855187456028, -1.258023886613464 53.38301909643032, -1.388110482730093 53.41981174043124))"
88,85194243fffffff,188548.4499178982,158000.0,114826006,609,"POLYGON ((-2.094167200645526 53.7705818641871, -2.200815499619694 53.72237529370746, -2.175114402751989 53.638061157568, -2.043176537234178 53.60198890133083, -1.936752643698223 53.65013716637689, -1.962042163619082 53.734415800082, -2.094167200645526 53.7705818641871))"
89,85194247fffffff,222595.22379032258,191500.0,110407231,496,"POLYGON ((-1.936752643698223 53.65013716637689, -2.043176537234178 53.60198890133083, -2.017807148770812 53.51759614649027, -1.886423309039022 53.48138799355314, -1.780224578034678 53.52947865621699, -1.805184485929516 53.61383488280752, -1.936752643698223 53.65013716637689))"
90,8519424bfffffff,193200.05614714423,150000.0,199575658,1033,"POLYGON ((-2.333309557716619 53.75830942928584, -2.439912289956829 53.70983567498507, -2.413799416875221 53.62548715235881, -2.281495528878627 53.58964657677642, -2.175114402751989 53.638061157568, -2.200815499619694 53.72237529370746, -2.333309557716619 53.75830942928584))"
91,8519424ffffffff,153115.6081827309,125000.0,610012583,3984,"POLYGON ((-2.175114402751989 53.638061157568, -2.281495528878627 53.58964657677642, -2.255716433738431 53.50521840455627, -2.123965868733995 53.46924003835311, -2.017807148770812 53.51759614649027, -2.043176537234178 53.60198890133083, -2.175114402751989 53.638061157568))"
92,85194253fffffff,172407.41870503596,145000.0,119823156,695,"POLYGON ((-2.012872930638232 53.90277945716153, -2.119789290288151 53.85478138879576, -2.094167200645526 53.7705818641871, -1.962042163619082 53.734415800082, -1.855352225570041 53.78235572852714, -1.880560860184424 53.86651966712498, -2.012872930638232 53.90277945716153))"
93,85194257fffffff,166534.85237834882,139000.0,609184490,3658,"POLYGON ((-1.855352225570041 53.78235572852714, -1.962042163619082 53.734415800082, -1.936752643698223 53.65013716637689, -1.805184485929516 53.61383488280752, -1.698721717224249 53.66171738121155, -1.723599902529843 53.74595940098855, -1.855352225570041 53.78235572852714))"
94,8519425bfffffff,118064.62768319763,87000.0,159505312,1351,"POLYGON ((-2.252473404496947 53.89080900692645, -2.359345317825497 53.84254342327844, -2.333309557716619 53.75830942928584, -2.200815499619694 53.72237529370746, -2.094167200645526 53.7705818641871, -2.119789290288151 53.85478138879576, -2.252473404496947 53.89080900692645))"
95,85194263fffffff,252730.42253521126,210000.0,53831580,213,"POLYGON ((-1.861382693089567 53.39691814052114, -1.967318240662259 53.34861980880893, -1.942197921497767 53.26403691760483, -1.811547579660333 53.22778962668726, -1.705835937494286 53.2760308734958, -1.730550697757929 53.36057630718902, -1.861382693089567 53.39691814052114))"
96,85194267fffffff,353020.89743589744,285000.0,41303445,117,"POLYGON ((-1.705835937494286 53.2760308734958, -1.811547579660333 53.22778962668726, -1.786752295879779 53.14313166015826, -1.656648825419849 53.10675321980978, -1.551161789070745 53.15493806844753, -1.575553591307556 53.23955756829474, -1.705835937494286 53.2760308734958))"
97,8519426bfffffff,324827.2308467742,260000.0,322228613,992,"POLYGON ((-2.098517618694293 53.38473374425534, -2.204412035289376 53.33617029425413, -2.178885920929027 53.25155105071479, -2.04787113929919 53.21553141979761, -1.942197921497767 53.26403691760483, -1.967318240662259 53.34861980880893, -2.098517618694293 53.38473374425534))"
98,8519426ffffffff,262269.51470588235,222500.0,35668654,136,"POLYGON ((-1.942197921497767 53.26403691760483, -2.04787113929919 53.21553141979761, -2.022672112149568 53.1308360866181, -1.892203572790262 53.09468342978071, -1.786752295879779 53.14313166015826, -1.811547579660333 53.22778962668726, -1.942197921497767 53.26403691760483))"
100,85194277fffffff,338322.2786407767,300000.0,348471947,1030,"POLYGON ((-1.624577853007579 53.40861006575553, -1.730550697757929 53.36057630718902, -1.705835937494286 53.2760308734958, -1.575553591307556 53.23955756829474, -1.469807323774844 53.28753511620196, -1.494116803020415 53.37204199185134, -1.624577853007579 53.40861006575553))"
101,8519427bfffffff,209270.84709302324,171995.0,359945857,1720,"POLYGON ((-2.017807148770812 53.51759614649027, -2.123965868733995 53.46924003835311, -2.098517618694293 53.38473374425534, -1.967318240662259 53.34861980880893, -1.861382693089567 53.39691814052114, -1.886423309039022 53.48138799355314, -2.017807148770812 53.51759614649027))"
102,85194283fffffff,299011.90153846156,260000.0,97178868,325,"POLYGON ((-1.057862582533508 53.94569255661705, -1.164917334852817 53.89875883709617, -1.140947340432744 53.81470831051276, -1.01033476231119 53.77763131891621, -0.9035172978078874 53.82451046230461, -0.9270751296710633 53.90852098294656, -1.057862582533508 53.94569255661705))"
103,85194287fffffff,199291.15384615384,155875.0,77723550,390,"POLYGON ((-0.9035172978078874 53.82451046230461, -1.01033476231119 53.77763131891621, -0.9866887006465701 53.69350576294893, -0.8566351288907885 53.65630017382391, -0.7500555275465403 53.70312545760413, -0.7732916485705119 53.78721000138858, -0.9035172978078874 53.82451046230461))"
104,8519428bfffffff,292192.8510638298,265000.0,123597576,423,"POLYGON ((-1.296091295761962 53.93570502708874, -1.403117332978544 53.88850611358311, -1.378734788898298 53.80441667873625, -1.247738751219324 53.76756487427181, -1.140947340432744 53.81470831051276, -1.164917334852817 53.89875883709617, -1.296091295761962 53.93570502708874))"
105,8519428ffffffff,198667.94503816793,178000.0,130127504,655,"POLYGON ((-1.140947340432744 53.81470831051276, -1.247738751219324 53.76756487427181, -1.223682337355066 53.68339939821499, -1.093244866733979 53.64641708882183, -0.9866887006465701 53.69350576294893, -1.01033476231119 53.77763131891621, -1.140947340432744 53.81470831051276))"
106,85194293fffffff,288747.3507853403,264000.0,165452232,573,"POLYGON ((-0.9744261926913429 54.07635111434092, -1.081745109052124 54.02962757187132, -1.057862582533508 53.94569255661705, -0.9270751296710633 53.90852098294656, -0.8199955608597973 53.95519013370595, -0.8434641077246808 54.0390850585589, -0.9744261926913429 54.07635111434092))"
107,85194297fffffff,250800.35933147633,232000.0,90037329,359,"POLYGON ((-0.8199955608597973 53.95519013370595, -0.9270751296710633 53.90852098294656, -0.9035172978078874 53.82451046230461, -0.7732916485705119 53.78721000138858, -0.666451991595394 53.83382548357444, -0.6895980901110259 53.91779490572579, -0.8199955608597973 53.95519013370595))"
108,8519429bfffffff,295085.1235875706,240000.0,417840535,1416,"POLYGON ((-1.213096774112845 54.06666805202788, -1.320388206673679 54.01967903455429, -1.296091295761962 53.93570502708874, -1.164917334852817 53.89875883709617, -1.057862582533508 53.94569255661705, -1.081745109052124 54.02962757187132, -1.213096774112845 54.06666805202788))"
109,851942a3fffffff,203344.41025641025,179500.0,55513024,273,"POLYGON ((-0.8333100372679068 53.57210107516029, -0.9396303724858959 53.52506645323231, -0.9162173524928096 53.44075337414919, -0.7868899711110767 53.40351665212411, -0.6808060214522488 53.45049792645889, -0.7038130846587722 53.53476908421479, -0.8333100372679068 53.57210107516029))"
110,851942a7fffffff,154554.728,125000.0,38638682,250,"POLYGON ((-0.6808060214522488 53.45049792645889, -0.7868899711110767 53.40351665212411, -0.7637942562033604 53.31913200507014, -0.6350183756633982 53.28177135859163, -0.5291713353834577 53.32869998456034, -0.5518632906529803 53.41304172092504, -0.6808060214522488 53.45049792645889))"
111,851942abfffffff,169096.8942196532,140000.0,292537627,1730,"POLYGON ((-1.069511620671945 53.5621770657056, -1.175807294290641 53.51487933031612, -1.151987899524547 53.43052541597309, -1.022279211259612 53.39350988513186, -0.9162173524928096 53.44075337414919, -0.9396303724858959 53.52506645323231, -1.069511620671945 53.5621770657056))"
112,851942affffffff,212701.51801801802,180000.0,94439474,444,"POLYGON ((-0.9162173524928096 53.44075337414919, -1.022279211259612 53.39350988513186, -0.9987792955245636 53.30908340782691, -0.8696217347000904 53.27194206436594, -0.7637942562033604 53.31913200507014, -0.7868899711110767 53.40351665212411, -0.9162173524928096 53.44075337414919))"
113,851942b3fffffff,131907.7819063005,117500.0,81650917,619,"POLYGON ((-0.7500555275465403 53.70312545760413, -0.8566351288907885 53.65630017382391, -0.8333100372679068 53.57210107516029, -0.7038130846587722 53.53476908421479, -0.5974718902105299 53.58154121954265, -0.6203892627801073 53.66569830729542, -0.7500555275465403 53.70312545760413))"
114,851942b7fffffff,171329.6911764706,151500.0,58252095,340,"POLYGON ((-0.5974718902105299 53.58154121954265, -0.7038130846587722 53.53476908421479, -0.6808060214522488 53.45049792645889, -0.5518632906529803 53.41304172092504, -0.4457610158490804 53.45976141351786, -0.4683625808633799 53.54398956917153, -0.5974718902105299 53.58154121954265))"
115,851942bbfffffff,140168.48457350273,124995.0,77232835,551,"POLYGON ((-0.9866887006465701 53.69350576294893, -1.093244866733979 53.64641708882183, -1.069511620671945 53.5621770657056, -0.9396303724858959 53.52506645323231, -0.8333100372679068 53.57210107516029, -0.8566351288907885 53.65630017382391, -0.9866887006465701 53.69350576294893))"
116,851942c3fffffff,345751.40462427743,295000.0,179444979,519,"POLYGON ((-1.69150608610529 54.04582125587254, -1.79873072866106 53.99829945052333, -1.773604006002708 53.91425077312998, -1.641667679703092 53.87776048807491, -1.534674270638126 53.92522520306227, -1.559385927951042 54.00923709952859, -1.69150608610529 54.04582125587254))"
117,851942c7fffffff,224372.15757238306,180000.0,805944790,3592,"POLYGON ((-1.534674270638126 53.92522520306227, -1.641667679703092 53.87776048807491, -1.616872241302334 53.79363324761728, -1.485496269940627 53.7570083355008, -1.378734788898298 53.80441667873625, -1.403117332978544 53.88850611358311, -1.534674270638126 53.92522520306227))"
118,851942cbfffffff,281595.8911335578,236000.0,250901939,891,"POLYGON ((-1.931229685238891 54.03465288479935, -2.038414994202862 53.98686380270447, -2.012872930638232 53.90277945716153, -1.880560860184424 53.86651966712498, -1.773604006002708 53.91425077312998, -1.79873072866106 53.99829945052333, -1.931229685238891 54.03465288479935))"
119,851942cffffffff,180288.6501743679,147500.0,827164327,4588,"POLYGON ((-1.773604006002708 53.91425077312998, -1.880560860184424 53.86651966712498, -1.855352225570041 53.78235572852714, -1.723599902529843 53.74595940098855, -1.616872241302334 53.79363324761728, -1.641667679703092 53.87776048807491, -1.773604006002708 53.91425077312998))"
120,851942d3fffffff,365267.85447761195,285000.0,97891785,268,"POLYGON ((-1.609056556450131 54.17706614785891, -1.716549860184048 54.12975411380569, -1.69150608610529 54.04582125587254, -1.559385927951042 54.00923709952859, -1.452125915298876 54.05649221061067, -1.476752747386469 54.14038820621452, -1.609056556450131 54.17706614785891))"
121,851942d7fffffff,343652.66838931956,276995.0,398980748,1161,"POLYGON ((-1.452125915298876 54.05649221061067, -1.559385927951042 54.00923709952859, -1.534674270638126 53.92522520306227, -1.403117332978544 53.88850611358311, -1.296091295761962 53.93570502708874, -1.320388206673679 54.01967903455429, -1.452125915298876 54.05649221061067))"
122,851942dbfffffff,338296.875,277500.0,10825500,32,"POLYGON ((-1.84923554621321 54.16620111088803, -1.956690693882473 54.11862149162413, -1.931229685238891 54.03465288479935, -1.79873072866106 53.99829945052333, -1.69150608610529 54.04582125587254, -1.716549860184048 54.12975411380569, -1.84923554621321 54.16620111088803))"
123,85194303fffffff,257801.94010416666,212495.0,98995945,384,"POLYGON ((-0.3945698445332904 52.82138320563653, -0.4994413007526664 52.77414223463446, -0.4771018298070492 52.6893296290901, -0.3502847935070624 52.65180345187086, -0.2456477314809738 52.69899338503603, -0.267593348566559 52.7837603555163, -0.3945698445332904 52.82138320563653))"
124,85194307fffffff,215879.23016496465,180000.0,274814260,1273,"POLYGON ((-0.2456477314809738 52.69899338503603, -0.3502847935070624 52.65180345187086, -0.3282498534120482 52.56692623388147, -0.2019696024484573 52.52928536364536, -0.0975673632187002 52.57642492353904, -0.1192105958263028 52.66125555094624, -0.2456477314809738 52.69899338503603))"
125,8519430bfffffff,300653.9411764706,270000.0,25555585,85,"POLYGON ((-0.6267974632042341 52.81155157255631, -0.7316518490876562 52.76405162291868, -0.7089180511097326 52.67919444525405, -0.5817242203643396 52.64188161058453, -0.4771018298070492 52.6893296290901, -0.4994413007526664 52.77414223463446, -0.6267974632042341 52.81155157255631))"
126,8519430ffffffff,372268.5111731844,305000.0,133272127,358,"POLYGON ((-0.4771018298070492 52.6893296290901, -0.5817242203643396 52.64188161058453, -0.5592970787356683 52.55695885925279, -0.432639780981291 52.51952948273036, -0.3282498534120482 52.56692623388147, -0.3502847935070624 52.65180345187086, -0.4771018298070492 52.6893296290901))"
127,85194313fffffff,219520.08474576272,202000.0,25903370,118,"POLYGON ((-0.3116993939681175 52.95311847358758, -0.4168206436716442 52.90608504299675, -0.3945698445332904 52.82138320563653, -0.267593348566559 52.7837603555163, -0.1627084392288746 52.83074297617447, -0.1845637266690031 52.91539907843902, -0.3116993939681175 52.95311847358758))"
128,85194317fffffff,197915.20913461538,185000.0,82332727,416,"POLYGON ((-0.1627084392288746 52.83074297617447, -0.267593348566559 52.7837603555163, -0.2456477314809738 52.69899338503603, -0.1192105958263028 52.66125555094624, -0.01456244440621266 52.70818803248423, -0.03611471857326409 52.79290831054853, -0.1627084392288746 52.83074297617447))"
129,8519431bfffffff,216977.58620689655,199975.0,12584700,58,"POLYGON ((-0.5443388706235359 52.94359076082527, -0.6494442641172558 52.89629808190575, -0.6267974632042341 52.81155157255631, -0.4994413007526664 52.77414223463446, -0.3945698445332904 52.82138320563653, -0.4168206436716442 52.90608504299675, -0.5443388706235359 52.94359076082527))"
130,85194323fffffff,321378.1008287293,293250.0,232677745,724,"POLYGON ((-0.1802364144328297 52.44434501362683, -0.284393439570194 52.39699887150865, -0.2625712903718697 52.3119494333432, -0.1369801169581011 52.27429339688305, -0.0330564060317148 52.32158958277605, -0.05449060036340969 52.40659158778445, -0.1802364144328297 52.44434501362683))"
131,85194327fffffff,405657.77797833935,345000.0,224734409,554,"POLYGON ((-0.0330564060317148 52.32158958277605, -0.1369801169581011 52.27429339688305, -0.1154563439449976 52.18918283879583, 0.009605253222124719 52.15141666648389, 0.1132952652774396 52.1986635433904, 0.09215732663339479 52.28372572976886, -0.0330564060317148 52.32158958277605))"
132,8519432bfffffff,455292.4528301887,386000.0,24130500,53,"POLYGON ((-0.4105165156007387 52.43454264568355, -0.5146600220770451 52.38693957892684, -0.492449420292738 52.30184375904422, -0.3664838001200789 52.26439721301157, -0.2625712903718697 52.3119494333432, -0.284393439570194 52.39699887150865, -0.4105165156007387 52.43454264568355))"
133,8519432ffffffff,306459.61756373936,275000.0,108180245,353,"POLYGON ((-0.2625712903718697 52.3119494333432, -0.3664838001200789 52.26439721301157, -0.3445736752255295 52.17923932892045, -0.2191374344592494 52.1416808182628, -0.1154563439449976 52.18918283879583, -0.1369801169581011 52.27429339688305, -0.2625712903718697 52.3119494333432))"
134,85194333fffffff,232837.38157894736,195000.0,53086923,228,"POLYGON ((-0.0975673632187002 52.57642492353904, -0.2019696024484573 52.52928536364536, -0.1802364144328297 52.44434501362683, -0.05449060036340969 52.40659158778445, 0.04967641522376165 52.45368143339927, 0.0283327902057566 52.53857424489451, -0.0975673632187002 52.57642492353904))"
135,85194337fffffff,341240.0731707317,295000.0,83945058,246,"POLYGON ((0.04967641522376165 52.45368143339927, -0.05449060036340969 52.40659158778445, -0.0330564060317148 52.32158958277605, 0.09215732663339479 52.28372572976886, 0.1960887449369758 52.33076651446935, 0.1750419713268154 52.41572004060963, 0.04967641522376165 52.45368143339927))"
136,8519433bfffffff,260559.9447236181,237995.0,155554287,597,"POLYGON ((-0.3282498534120482 52.56692623388147, -0.432639780981291 52.51952948273036, -0.4105165156007387 52.43454264568355, -0.284393439570194 52.39699887150865, -0.1802364144328297 52.44434501362683, -0.2019696024484573 52.52928536364536, -0.3282498534120482 52.56692623388147))"
137,85194343fffffff,280959.88602941175,226750.0,76421089,272,"POLYGON ((-1.010701566284679 52.92310915908333, -1.115764274934748 52.87529613214406, -1.092324153936919 52.79046348999095, -0.9642181988291189 52.7534862227557, -0.8593845156605455 52.80124576280438, -0.8824277700839017 52.88603587553798, -1.010701566284679 52.92310915908333))"
138,85194347fffffff,259639.5564681725,210000.0,126444464,487,"POLYGON ((-0.8593845156605455 52.80124576280438, -0.9642181988291189 52.7534862227557, -0.9410896387495798 52.66858554137017, -0.8135221726922672 52.63148772400589, -0.7089180511097326 52.67919444525405, -0.7316518490876562 52.76405162291868, -0.8593845156605455 52.80124576280438))"
139,8519434bfffffff,231029.06055209262,197500.0,259445635,1123,"POLYGON ((-1.244410973391312 52.91215068140954, -1.349446824315421 52.86407658845413, -1.325609462670452 52.77920249606426, -1.197133487502086 52.74244376450162, -1.092324153936919 52.79046348999095, -1.115764274934748 52.87529613214406, -1.244410973391312 52.91215068140954))"
140,8519434ffffffff,247341.83848977453,210000.0,471680886,1907,"POLYGON ((-1.092324153936919 52.79046348999095, -1.197133487502086 52.74244376450162, -1.173609768677685 52.65750065311151, -1.045671879057764 52.6206195165182, -0.9410896387495798 52.66858554137017, -0.9642181988291189 52.7534862227557, -1.092324153936919 52.79046348999095))"
141,85194353fffffff,303640.78386167146,277995.0,105363352,347,"POLYGON ((-0.9287402393301954 53.05543653710927, -1.034057097197043 53.0078307123535, -1.010701566284679 52.92310915908333, -0.8824277700839017 52.88603587553798, -0.7773418853150166 52.93358842548119, -0.8002988356205057 53.01826735159425, -0.9287402393301954 53.05543653710927))"
142,85194357fffffff,307649.42307692306,267500.0,15997770,52,"POLYGON ((-0.7773418853150166 52.93358842548119, -0.8824277700839017 52.88603587553798, -0.8593845156605455 52.80124576280438, -0.7316518490876562 52.76405162291868, -0.6267974632042341 52.81155157255631, -0.6494442641172558 52.89629808190575, -0.7773418853150166 52.93358842548119))"
143,8519435bfffffff,213034.21474773608,165500.0,1152728136,5411,"POLYGON ((-1.162874307170192 53.04478096948352, -1.268165475392686 52.99691378235406, -1.244410973391312 52.91215068140954, -1.115764274934748 52.87529613214406, -1.010701566284679 52.92310915908333, -1.034057097197043 53.0078307123535, -1.162874307170192 53.04478096948352))"
144,85194363fffffff,217940.2723440135,179475.0,258477163,1186,"POLYGON ((-0.7907023730227087 52.54652050212079, -0.8950569738612804 52.49860751622819, -0.8721521588971606 52.41353088203734, -0.745283756008803 52.3764114236544, -0.6411573117300154 52.42427202704973, -0.6636711318629912 52.5093042939896, -0.7907023730227087 52.54652050212079))"
145,85194367fffffff,235290.9974953037,208000.0,375759723,1597,"POLYGON ((-0.6411573117300154 52.42427202704973, -0.745283756008803 52.3764114236544, -0.7226842406761146 52.29127027909271, -0.5963472194882146 52.25403488696227, -0.492449420292738 52.30184375904422, -0.5146600220770451 52.38693957892684, -0.6411573117300154 52.42427202704973))"
146,8519436bfffffff,344744.78118161927,310000.0,157548365,457,"POLYGON ((-1.022459002705179 52.53560889228181, -1.126790558976475 52.48743689580759, -1.103494346730036 52.40231696237898, -0.9762579827367788 52.36541214636631, -0.8721521588971606 52.41353088203734, -0.8950569738612804 52.49860751622819, -1.022459002705179 52.53560889228181))"
147,8519436ffffffff,262462.84231145936,221000.0,267974562,1021,"POLYGON ((-0.8721521588971606 52.41353088203734, -0.9762579827367788 52.36541214636631, -0.9532691299718861 52.28022673962867, -0.8265638049775317 52.24320415411095, -0.7226842406761146 52.29127027909271, -0.745283756008803 52.3764114236544, -0.8721521588971606 52.41353088203734))"
148,85194373fffffff,382631.6523809524,332475.0,80352647,210,"POLYGON ((-0.7089180511097326 52.67919444525405, -0.8135221726922672 52.63148772400589, -0.7907023730227087 52.54652050212079, -0.6636711318629912 52.5093042939896, -0.5592970787356683 52.55695885925279, -0.5817242203643396 52.64188161058453, -0.7089180511097326 52.67919444525405))"
149,85194377fffffff,287384.90476190473,241995.0,114666577,399,"POLYGON ((-0.5592970787356683 52.55695885925279, -0.6636711318629912 52.5093042939896, -0.6411573117300154 52.42427202704973, -0.5146600220770451 52.38693957892684, -0.4105165156007387 52.43454264568355, -0.432639780981291 52.51952948273036, -0.5592970787356683 52.55695885925279))"
150,8519437bfffffff,393037.5205479452,350000.0,86075217,219,"POLYGON ((-0.9410896387495798 52.66858554137017, -1.045671879057764 52.6206195165182, -1.022459002705179 52.53560889228181, -0.8950569738612804 52.49860751622819, -0.7907023730227087 52.54652050212079, -0.8135221726922672 52.63148772400589, -0.9410896387495798 52.66858554137017))"
151,85194383fffffff,182419.23097112862,155000.0,69501727,381,"POLYGON ((0.004188540264464365 53.09328506425771, -0.1011941999122232 53.04671852094827, -0.07943025773627031 52.96217389988683, 0.04731973864966261 52.92424253513622, 0.1524618060106858 52.97075940288324, 0.1310944933956645 53.0552571328721, 0.004188540264464365 53.09328506425771))"
153,8519438bfffffff,206614.54135338345,185000.0,27479734,133,"POLYGON ((-0.2284887406198532 53.0845343331915, -0.3338605111574934 53.03770892812381, -0.3116993939681175 52.95311847358758, -0.1845637266690031 52.91539907843902, -0.07943025773627031 52.96217389988683, -0.1011941999122232 53.04671852094827, -0.2284887406198532 53.0845343331915))"
154,8519438ffffffff,207830.00568181818,189997.5,36578081,176,"POLYGON ((-0.07943025773627031 52.96217389988683, -0.1845637266690031 52.91539907843902, -0.1627084392288746 52.83074297617447, -0.03611471857326409 52.79290831054853, 0.06878004246757699 52.83963322543856, 0.04731973864966261 52.92424253513622, -0.07943025773627031 52.96217389988683))"
155,85194393fffffff,224284.41558441558,185000.0,17269900,77,"POLYGON ((0.08814969039523178 53.22407539279637, -0.0174830319751611 53.17771759882081, 0.004188540264464365 53.09328506425771, 0.1310944933956645 53.0552571328721, 0.2364845629806597 53.10156548073592, 0.2152112714367204 53.18595102732819, 0.08814969039523178 53.22407539279637))"
156,85194397fffffff,238389.2857142857,152000.0,3337450,14,"POLYGON ((0.2364845629806597 53.10156548073592, 0.1310944933956645 53.0552571328721, 0.1524618060106858 52.97075940288324, 0.2788230746593015 52.93261778666272, 0.3839701364618194 52.9788773721714, 0.3629988700845644 53.06332715930346, 0.2364845629806597 53.10156548073592))"
157,8519439bfffffff,214596.43414634146,200000.0,43992269,205,"POLYGON ((-0.1449361384423178 53.21562970017968, -0.2505591566288708 53.16901279799396, -0.2284887406198532 53.0845343331915, -0.1011941999122232 53.04671852094827, 0.004188540264464365 53.09328506425771, -0.0174830319751611 53.17771759882081, -0.1449361384423178 53.21562970017968))"
158,851943a3fffffff,211277.90047393364,185000.0,89159274,422,"POLYGON ((0.216147412432413 52.71691591746385, 0.1114917376344816 52.67024023776077, 0.132743794003761 52.58545725249285, 0.2582608520589799 52.5473984610097, 0.3626770896357372 52.59402557115018, 0.3418156413990083 52.67875986853571, 0.216147412432413 52.71691591746385))"
159,851943a7fffffff,231276.13333333333,215275.0,13876568,60,"POLYGON ((0.3626770896357372 52.59402557115018, 0.2582608520589799 52.5473984610097, 0.2792154650880603 52.46255423376157, 0.4041978198182538 52.42438656872004, 0.5083742960131257 52.47096576912291, 0.4878081076711725 52.55576037229977, 0.3626770896357372 52.59402557115018))"
160,851943abfffffff,243036.99074074073,214500.0,26247995,108,"POLYGON ((-0.01456244440621266 52.70818803248423, -0.1192105958263028 52.66125555094624, -0.0975673632187002 52.57642492353904, 0.0283327902057566 52.53857424489451, 0.132743794003761 52.58545725249285, 0.1114917376344816 52.67024023776077, -0.01456244440621266 52.70818803248423))"
161,851943affffffff,213627.61355932202,200000.0,63020146,295,"POLYGON ((0.132743794003761 52.58545725249285, 0.0283327902057566 52.53857424489451, 0.04967641522376165 52.45368143339927, 0.1750419713268154 52.41572004060963, 0.2792154650880603 52.46255423376157, 0.2582608520589799 52.5473984610097, 0.132743794003761 52.58545725249285))"
162,851943b3fffffff,195882.46575342465,177500.0,100095940,511,"POLYGON ((0.2998889605792325 52.84805632123376, 0.1949879328167531 52.80158845148615, 0.216147412432413 52.71691591746385, 0.3418156413990083 52.67875986853571, 0.4464752902340908 52.72517941204107, 0.4257080197307518 52.80980315625261, 0.2998889605792325 52.84805632123376))"
163,851943b7fffffff,239364.2603174603,219000.0,75399742,315,"POLYGON ((0.4464752902340908 52.72517941204107, 0.3418156413990083 52.67875986853571, 0.3626770896357372 52.59402557115018, 0.4878081076711725 52.55576037229977, 0.5922260651431025 52.60213225546136, 0.5717546204319798 52.68681682516413, 0.4464752902340908 52.72517941204107))"
164,851943bbfffffff,190542.63120567377,179725.0,53733022,282,"POLYGON ((0.06878004246757699 52.83963322543856, -0.03611471857326409 52.79290831054853, -0.01456244440621266 52.70818803248423, 0.1114917376344816 52.67024023776077, 0.216147412432413 52.71691591746385, 0.1949879328167531 52.80158845148615, 0.06878004246757699 52.83963322543856))"
165,851943c3fffffff,239193.1125,200500.0,95677245,400,"POLYGON ((-0.6122370656681017 53.19731662842775, -0.7178296292264252 53.15017954329697, -0.6949599906540312 53.06561241396676, -0.5668976700489791 53.02822598555944, -0.4615405259435559 53.07531090246967, -0.4840103103357364 53.1598342340566, -0.6122370656681017 53.19731662842775))"
166,851943c7fffffff,200898.99384615384,175000.0,65292173,325,"POLYGON ((-0.4615405259435559 53.07531090246967, -0.5668976700489791 53.02822598555944, -0.5443388706235359 52.94359076082527, -0.4168206436716442 52.90608504299675, -0.3116993939681175 52.95311847358758, -0.3338605111574934 53.03770892812381, -0.4615405259435559 53.07531090246967))"
167,851943cbfffffff,202604.23970588236,172750.0,137770883,680,"POLYGON ((-0.8464383975364234 53.18744451644866, -0.9520101787170984 53.14004638969504, -0.9287402393301954 53.05543653710927, -0.8002988356205057 53.01826735159425, -0.6949599906540312 53.06561241396676, -0.7178296292264252 53.15017954329697, -0.8464383975364234 53.18744451644866))"
168,851943cffffffff,216284.39689578713,175000.0,97544263,451,"POLYGON ((-0.6949599906540312 53.06561241396676, -0.8002988356205057 53.01826735159425, -0.7773418853150166 52.93358842548119, -0.6494442641172558 52.89629808190575, -0.5443388706235359 52.94359076082527, -0.5668976700489791 53.02822598555944, -0.6949599906540312 53.06561241396676))"
169,851943d3fffffff,219783.24020694752,172000.0,297366724,1353,"POLYGON ((-0.5291713353834577 53.32869998456034, -0.6350183756633982 53.28177135859163, -0.6122370656681017 53.19731662842775, -0.4840103103357364 53.1598342340566, -0.3784006729870744 53.20671090544, -0.4007804196032888 53.29112174308825, -0.5291713353834577 53.32869998456034))"
170,851943d7fffffff,214051.76785714287,180250.0,23973798,112,"POLYGON ((-0.3784006729870744 53.20671090544, -0.4840103103357364 53.1598342340566, -0.4615405259435559 53.07531090246967, -0.3338605111574934 53.03770892812381, -0.2284887406198532 53.0845343331915, -0.2505591566288708 53.16901279799396, -0.3784006729870744 53.20671090544))"
171,851943dbfffffff,253876.5060240964,231000.0,42143500,166,"POLYGON ((-0.7637942562033604 53.31913200507014, -0.8696217347000904 53.27194206436594, -0.8464383975364234 53.18744451644866, -0.7178296292264252 53.15017954329697, -0.6122370656681017 53.19731662842775, -0.6350183756633982 53.28177135859163, -0.7637942562033604 53.31913200507014))"
172,85194603fffffff,173073.86821705426,130000.0,22326529,129,"POLYGON ((-0.8775704353700713 54.58724685993501, -0.9859318437592058 54.54110193968525, -0.9619880799707081 54.45759511965319, -0.8301047163682422 54.42027233912196, -0.7219883731662602 54.46636266332442, -0.7455103441313903 54.54983016856323, -0.8775704353700713 54.58724685993501))"
173,85194607fffffff,331122.9166666667,251225.0,7946950,24,"POLYGON ((-0.7219883731662602 54.46636266332442, -0.8301047163682422 54.42027233912196, -0.8064909837725837 54.3366871519714, -0.6751804027610868 54.29923243111866, -0.5673096872014503 54.34526890779568, -0.5905039487194271 54.42881375911212, -0.7219883731662602 54.46636266332442))"
174,8519460bfffffff,196027.25967540574,169000.0,157017835,801,"POLYGON ((-1.118390486521405 54.57829055879194, -1.226725477554241 54.53187843561824, -1.202359486828724 54.44833340634301, -1.070080735122537 54.41123851300303, -0.9619880799707081 54.45759511965319, -0.9859318437592058 54.54110193968525, -1.118390486521405 54.57829055879194))"
176,85194617fffffff,210265.84489795918,187500.0,51515132,245,"POLYGON ((-0.6371265475224938 54.59570854901821, -0.7455103441313903 54.54983016856323, -0.7219883731662602 54.46636266332442, -0.5905039487194271 54.42881375911212, -0.4823679071470376 54.4746384705029, -0.5054685632911888 54.55806556060907, -0.6371265475224938 54.59570854901821))"
177,8519461bfffffff,144785.73513513512,125000.0,80356083,555,"POLYGON ((-1.034061496456277 54.70791780730645, -1.142667374167699 54.66171753702536, -1.118390486521405 54.57829055879194, -0.9859318437592058 54.54110193968525, -0.8775704353700713 54.58724685993501, -0.9014232080256052 54.67063555198752, -1.034061496456277 54.70791780730645))"
178,85194623fffffff,258223.22916666666,243657.5,12394715,48,"POLYGON ((-0.6518936310684391 54.21557034855426, -0.7594998256272458 54.16932253861693, -0.7361216288330137 54.08554376233774, -0.6055526025722302 54.04805387187272, -0.4981904668294281 54.09424839074286, -0.5211533254731234 54.17798590002266, -0.6518936310684391 54.21557034855426))"
179,85194627fffffff,194785.90087463558,170000.0,66811564,343,"POLYGON ((-0.4981904668294281 54.09424839074286, -0.6055526025722302 54.04805387187272, -0.5824975882358464 53.96420013043572, -0.4524935160465283 53.92658298965491, -0.3453759486192545 53.97272494827599, -0.3680179195805043 54.05653641860997, -0.4981904668294281 54.09424839074286))"
180,8519462bfffffff,239907.22429906542,208975.0,51340146,214,"POLYGON ((-0.8906362900357364 54.20668297672842, -0.9982201929461252 54.16017006412957, -0.9744261926913429 54.07635111434092, -0.8434641077246808 54.0390850585589, -0.7361216288330137 54.08554376233774, -0.7594998256272458 54.16932253861693, -0.8906362900357364 54.20668297672842))"
181,8519462ffffffff,284197.5,198750.0,5683950,20,"POLYGON ((-0.7361216288330137 54.08554376233774, -0.8434641077246808 54.0390850585589, -0.8199955608597973 53.95519013370595, -0.6895980901110259 53.91779490572579, -0.5824975882358464 53.96420013043572, -0.6055526025722302 54.04805387187272, -0.7361216288330137 54.08554376233774))"
182,85194633fffffff,254738.95454545456,190000.0,50438313,198,"POLYGON ((-0.5673096872014503 54.34526890779568, -0.6751804027610868 54.29923243111866, -0.6518936310684391 54.21557034855426, -0.5211533254731234 54.17798590002266, -0.4135287672644034 54.22396927215875, -0.4363983887778382 54.30759000544173, -0.5673096872014503 54.34526890779568))"
183,85194637fffffff,202666.0,177500.0,21279930,105,"POLYGON ((-0.4135287672644034 54.22396927215875, -0.5211533254731234 54.17798590002266, -0.4981904668294281 54.09424839074286, -0.3680179195805043 54.05653641860997, -0.2606400163387274 54.10246742357981, -0.2831880444415337 54.18616257774539, -0.4135287672644034 54.22396927215875))"
184,8519463bfffffff,278836.8296703297,207475.0,50748303,182,"POLYGON ((-0.8064909837725837 54.3366871519714, -0.9143406956744738 54.2903853145996, -0.8906362900357364 54.20668297672842, -0.7594998256272458 54.16932253861693, -0.6518936310684391 54.21557034855426, -0.6751804027610868 54.29923243111866, -0.8064909837725837 54.3366871519714))"
185,85194643fffffff,168852.5663900415,139475.0,81386937,482,"POLYGON ((-1.517711311380564 54.68912181262543, -1.62625472077124 54.64238466005848, -1.601128423221329 54.55888444818572, -1.467883584820095 54.52215724848484, -1.359579056011454 54.56883721983247, -1.384280466928813 54.6523013729853, -1.517711311380564 54.68912181262543))"
186,85194647fffffff,202822.69608659451,170000.0,243590058,1201,"POLYGON ((-1.359579056011454 54.56883721983247, -1.467883584820095 54.52215724848484, -1.44309497730016 54.43857512056794, -1.31042444816623 54.40170986526158, -1.202359486828724 54.44833340634301, -1.226725477554241 54.53187843561824, -1.359579056011454 54.56883721983247))"
187,8519464bfffffff,161015.86466165414,99975.0,42830220,266,"POLYGON ((-1.760076260878402 54.67897156296982, -1.868582295394816 54.63196503013608, -1.843030793119116 54.54842988051593, -1.709398429999986 54.5119360015371, -1.601128423221329 54.55888444818572, -1.62625472077124 54.64238466005848, -1.760076260878402 54.67897156296982))"
188,8519464ffffffff,193285.37457044673,149997.0,112492088,582,"POLYGON ((-1.601128423221329 54.55888444818572, -1.709398429999986 54.5119360015371, -1.684186860438667 54.42831789046974, -1.551128223751166 54.39168401096838, -1.44309497730016 54.43857512056794, -1.467883584820095 54.52215724848484, -1.601128423221329 54.55888444818572))"
189,85194653fffffff,102485.10774410775,80000.0,60876154,594,"POLYGON ((-1.433933552501874 54.81902902370526, -1.542751256757502 54.77250360453595, -1.517711311380564 54.68912181262543, -1.384280466928813 54.6523013729853, -1.275703781323833 54.69876976525115, -1.300316907798607 54.78211542406063, -1.433933552501874 54.81902902370526))"
190,85194657fffffff,134414.52209026128,105000.0,282942569,2105,"POLYGON ((-1.275703781323833 54.69876976525115, -1.384280466928813 54.6523013729853, -1.359579056011454 54.56883721983247, -1.226725477554241 54.53187843561824, -1.118390486521405 54.57829055879194, -1.142667374167699 54.66171753702536, -1.275703781323833 54.69876976525115))"
191,8519465bfffffff,171793.08258064516,120000.0,133139639,775,"POLYGON ((-1.67676179338319 54.80918345607851, -1.78554336133159 54.76238836624054, -1.760076260878402 54.67897156296982, -1.62625472077124 54.64238466005848, -1.517711311380564 54.68912181262543, -1.542751256757502 54.77250360453595, -1.67676179338319 54.80918345607851))"
192,85194663fffffff,260550.3045685279,219950.0,51328410,197,"POLYGON ((-1.285970439197859 54.31804731096621, -1.39376622770642 54.27121279431812, -1.369225275023634 54.18743324868164, -1.237307000472083 54.15052607661377, -1.129749333211072 54.19730473928607, -1.153871813616264 54.28104623321935, -1.285970439197859 54.31804731096621))"
193,85194667fffffff,325457.954887218,270000.0,43285908,133,"POLYGON ((-1.129749333211072 54.19730473928607, -1.237307000472083 54.15052607661377, -1.213096774112845 54.06666805202788, -1.081745109052124 54.02962757187132, -0.9744261926913429 54.07635111434092, -0.9982201929461252 54.16017006412957, -1.129749333211072 54.19730473928607))"
194,8519466bfffffff,343127.1666666667,309975.0,24705156,72,"POLYGON ((-1.526253497043975 54.30798443552778, -1.634016335262682 54.2608826358837, -1.609056556450131 54.17706614785891, -1.476752747386469 54.14038820621452, -1.369225275023634 54.18743324868164, -1.39376622770642 54.27121279431812, -1.526253497043975 54.30798443552778))"
195,8519466ffffffff,374298.5208333333,328495.0,53898987,144,"POLYGON ((-1.369225275023634 54.18743324868164, -1.476752747386469 54.14038820621452, -1.452125915298876 54.05649221061067, -1.320388206673679 54.01967903455429, -1.213096774112845 54.06666805202788, -1.237307000472083 54.15052607661377, -1.369225275023634 54.18743324868164))"
196,85194673fffffff,369891.4210526316,320000.0,7027937,19,"POLYGON ((-1.202359486828724 54.44833340634301, -1.31042444816623 54.40170986526158, -1.285970439197859 54.31804731096621, -1.153871813616264 54.28104623321935, -1.046047072177145 54.32761408980547, -1.070080735122537 54.41123851300303, -1.202359486828724 54.44833340634301))"
197,85194677fffffff,325474.1935483871,284000.0,30269100,93,"POLYGON ((-1.046047072177145 54.32761408980547, -1.153871813616264 54.28104623321935, -1.129749333211072 54.19730473928607, -0.9982201929461252 54.16017006412957, -0.8906362900357364 54.20668297672842, -0.9143406956744738 54.2903853145996, -1.046047072177145 54.32761408980547))"
198,8519467bfffffff,259672.1684981685,199950.0,70890502,273,"POLYGON ((-1.44309497730016 54.43857512056794, -1.551128223751166 54.39168401096838, -1.526253497043975 54.30798443552778, -1.39376622770642 54.27121279431812, -1.285970439197859 54.31804731096621, -1.31042444816623 54.40170986526158, -1.44309497730016 54.43857512056794))"
199,851946abfffffff,265755.6818181818,253750.0,11693250,44,"POLYGON ((-0.4823679071470376 54.4746384705029, -0.5905039487194271 54.42881375911212, -0.5673096872014503 54.34526890779568, -0.4363983887778382 54.30759000544173, -0.3285106199431502 54.35336179737065, -0.3512859128827463 54.43686521838418, -0.4823679071470376 54.4746384705029))"
200,851946affffffff,150132.12926136365,133250.0,105693019,704,"POLYGON ((-0.3285106199431502 54.35336179737065, -0.4363983887778382 54.30759000544173, -0.4135287672644034 54.22396927215875, -0.2831880444415337 54.18616257774539, -0.1755490338358478 54.23188219414396, -0.1980020315083151 54.31546048959401, -0.3285106199431502 54.35336179737065))"
201,851946cbfffffff,144134.18073394496,110000.0,157106257,1090,"POLYGON ((-1.349793163247475 54.94860513630228, -1.458886055002746 54.90229188255023, -1.433933552501874 54.81902902370526, -1.300316907798607 54.78211542406063, -1.191467190711127 54.82837180374128, -1.215990934386735 54.91159845625015, -1.349793163247475 54.94860513630228))"
202,851946cffffffff,113875.265625,95000.0,36440085,320,"POLYGON ((-1.191467190711127 54.82837180374128, -1.300316907798607 54.78211542406063, -1.275703781323833 54.69876976525115, -1.142667374167699 54.66171753702536, -1.034061496456277 54.70791780730645, -1.058248185789284 54.79122621609552, -1.191467190711127 54.82837180374128))"
204,85194843fffffff,322944.24911660777,280000.0,182786445,566,"POLYGON ((1.032175788075618 51.20123816102895, 0.9303581280183337 51.15411513213262, 0.9496840582645639 51.06846508335286, 1.070459992003971 51.02999338860538, 1.172043584231026 51.07707178348537, 1.153085216654028 51.16266634993166, 1.032175788075618 51.20123816102895))"
206,8519484bfffffff,309157.2762973352,260000.0,220429138,713,"POLYGON ((0.8090736973723116 51.19249364983366, 0.707251240003545 51.14512195511556, 0.7269453743110863 51.05941742296285, 0.8480936772652931 51.02113891048859, 0.9496840582645639 51.06846508335286, 0.9303581280183337 51.15411513213262, 0.8090736973723116 51.19249364983366))"
207,8519484ffffffff,293044.6971428571,260000.0,51282822,175,"POLYGON ((0.9496840582645639 51.06846508335286, 0.8480936772652931 51.02113891048859, 0.8675116052018564 50.9353861317387, 0.9881536742732812 50.89701472647545, 1.089511769952805 50.94429596714782, 1.070459992003971 51.02999338860538, 0.9496840582645639 51.06846508335286))"
208,85194853fffffff,356636.8885400314,280000.0,227177698,637,"POLYGON ((1.114988315063807 51.33370413631495, 1.012942798827725 51.28678477799964, 1.032175788075618 51.20123816102895, 1.153085216654028 51.16266634993166, 1.254894869944498 51.20954137079262, 1.236030859632964 51.29503238247725, 1.114988315063807 51.33370413631495))"
209,85194857fffffff,265669.13153456995,205000.0,157541795,593,"POLYGON ((1.254894869944498 51.20954137079262, 1.153085216654028 51.16266634993166, 1.172043584231026 51.07707178348537, 1.292444612283738 51.03840855685679, 1.394018238687216 51.08523983526231, 1.375426760877028 51.17077792679788, 1.254894869944498 51.20954137079262))"
210,8519485bfffffff,379320.12847222225,324997.5,109244197,288,"POLYGON ((0.8915226017155073 51.32526313171959, 0.7894710716360113 51.27809487349491, 0.8090736973723116 51.19249364983366, 0.9303581280183337 51.15411513213262, 1.032175788075618 51.20123816102895, 1.012942798827725 51.28678477799964, 0.8915226017155073 51.32526313171959))"
211,851948c3fffffff,262905.69823100936,222000.0,252652376,961,"POLYGON ((1.42156190219559 51.47355699441268, 1.319298438723227 51.42709027395185, 1.338067137144821 51.34170350918046, 1.458729494679345 51.30284002583184, 1.560753326255719 51.34926360337617, 1.542354320836266 51.4345936501921, 1.42156190219559 51.47355699441268))"
212,851948cbfffffff,320797.8981288981,295000.0,154303789,481,"POLYGON ((1.198123166144928 51.46586179646457, 1.095849217897076 51.41914662726962, 1.114988315063807 51.33370413631495, 1.236030859632964 51.29503238247725, 1.338067137144821 51.34170350918046, 1.319298438723227 51.42709027395185, 1.198123166144928 51.46586179646457))"
213,851948cffffffff,312482.23943661974,275000.0,133117434,426,"POLYGON ((1.338067137144821 51.34170350918046, 1.236030859632964 51.29503238247725, 1.254894869944498 51.20954137079262, 1.375426760877028 51.17077792679788, 1.477225215274289 51.2174056116063, 1.458729494679345 51.30284002583184, 1.338067137144821 51.34170350918046))"
214,85194a03fffffff,441495.0139275766,372500.0,158496710,359,"POLYGON ((0.05651248589036682 51.02960589867546, -0.04507294726475545 50.9812822868461, -0.02418448346251732 50.89531813403524, 0.09792090044996626 50.85772875474331, 0.1992821984902388 50.90600392351862, 0.1787621950304535 50.99191675333262, 0.05651248589036682 51.02960589867546))"
215,85194a07fffffff,296376.1385799829,265000.0,346463706,1169,"POLYGON ((0.1992821984902388 50.90600392351862, 0.09792090044996626 50.85772875474331, 0.1185276449996562 50.77171428801434, 0.2401291541688187 50.73402704296652, 0.3412659959096388 50.78225435242318, 0.3210257264700241 50.86821660661348, 0.1992821984902388 50.90600392351862))"
216,85194a0bfffffff,430069.4606116775,370000.0,464044948,1079,"POLYGON ((-0.1676843980016917 51.01877173205013, -0.2692604897621233 50.97019725268139, -0.2480030688302645 50.88418280048087, -0.1255385564955058 50.84679296464716, -0.02418448346251732 50.89531813403524, -0.04507294726475545 50.9812822868461, -0.1676843980016917 51.01877173205013))"
217,85194a0ffffffff,384586.2104722793,320000.0,374586969,974,"POLYGON ((-0.02418448346251732 50.89531813403524, -0.1255385564955058 50.84679296464716, -0.1045648226549018 50.7607273033445, 0.01739594596270472 50.72323784526746, 0.1185276449996562 50.77171428801434, 0.09792090044996626 50.85772875474331, -0.02418448346251732 50.89531813403524))"
218,85194a13fffffff,489741.7967479675,390000.0,180714723,369,"POLYGON ((0.1375276379247999 51.16358931854568, 0.03571021117280077 51.11546782498147, 0.05651248589036682 51.02960589867546, 0.1787621950304535 50.99191675333262, 0.280353712579347 51.03999008572973, 0.2599213736960176 51.12580056275485, 0.1375276379247999 51.16358931854568))"
219,85194a17fffffff,423833.14715719066,339000.0,126726111,299,"POLYGON ((0.280353712579347 51.03999008572973, 0.1787621950304535 50.99191675333262, 0.1992821984902388 50.90600392351862, 0.3210257264700241 50.86821660661348, 0.422391023861791 50.9162423673841, 0.4022389513239568 51.00210285649395, 0.280353712579347 51.03999008572973))"
220,85194a1bfffffff,442261.93485714286,375000.0,386979193,875,"POLYGON ((-0.08704789762074169 51.15305672832391, -0.1888571206002735 51.10468408424408, -0.1676843980016917 51.01877173205013, -0.04507294726475545 50.9812822868461, 0.05651248589036682 51.02960589867546, 0.03571021117280077 51.11546782498147, -0.08704789762074169 51.15305672832391))"
221,85194a43fffffff,492727.4459930314,400000.0,141412777,287,"POLYGON ((-0.5372530280620194 51.13063149576187, -0.6390359637808485 51.08175481582106, -0.6171209420757247 50.99574470519679, -0.4937943846396649 50.95865947119434, -0.3922309057142754 51.00748539087054, -0.4137745551164884 51.09344713973795, -0.5372530280620194 51.13063149576187))"
222,85194a47fffffff,473768.41891891893,409997.5,210353178,444,"POLYGON ((-0.3922309057142754 51.00748539087054, -0.4937943846396649 50.95865947119434, -0.4721675427253306 50.8725957489946, -0.349346676554008 50.83540705302541, -0.2480030688302645 50.88418280048087, -0.2692604897621233 50.97019725268139, -0.3922309057142754 51.00748539087054))"
223,85194a4bfffffff,557029.4689119171,425000.0,215013375,386,"POLYGON ((-0.7628703323722804 51.11873449658457, -0.86463515670628 51.06960496256643, -0.8423483509129407 50.98354753068278, -0.7186685228238182 50.94666678799982, -0.6171209420757247 50.99574470519679, -0.6390359637808485 51.08175481582106, -0.7628703323722804 51.11873449658457))"
224,85194a4ffffffff,523879.26845637587,392000.0,78058011,149,"POLYGON ((-0.6171209420757247 50.99574470519679, -0.7186685228238182 50.94666678799982, -0.6966718293013128 50.86055483085538, -0.5734974307177894 50.82356886138601, -0.4721675427253306 50.8725957489946, -0.4937943846396649 50.95865947119434, -0.6171209420757247 50.99574470519679))"
225,85194a53fffffff,610960.9711286089,520000.0,232776130,381,"POLYGON ((-0.4570665005987207 51.26521391401484, -0.5590854654875249 51.21653904327868, -0.5372530280620194 51.13063149576187, -0.4137745551164884 51.09344713973795, -0.3119768244070202 51.14207151778541, -0.3334363638106165 51.22793057885664, -0.4570665005987207 51.26521391401484))"
226,85194a57fffffff,386583.0818505338,335000.0,434519384,1124,"POLYGON ((-0.3119768244070202 51.14207151778541, -0.4137745551164884 51.09344713973795, -0.3922309057142754 51.00748539087054, -0.2692604897621233 50.97019725268139, -0.1676843980016917 51.01877173205013, -0.1888571206002735 51.10468408424408, -0.3119768244070202 51.14207151778541))"
227,85194a5bfffffff,584399.6438848921,460000.0,324926202,556,"POLYGON ((-0.6830741417701374 51.25361752359757, -0.7850760944822384 51.20468949014294, -0.7628703323722804 51.11873449658457, -0.6390359637808485 51.08175481582106, -0.5372530280620194 51.13063149576187, -0.5590854654875249 51.21653904327868, -0.6830741417701374 51.25361752359757))"
228,85194a73fffffff,403685.3569427771,335000.0,1008809707,2499,"POLYGON ((-0.2480030688302645 50.88418280048087, -0.349346676554008 50.83540705302541, -0.3280054716912696 50.74929122097596, -0.2056881696780164 50.71200114531977, -0.1045648226549018 50.7607273033445, -0.1255385564955058 50.84679296464716, -0.2480030688302645 50.88418280048087))"
229,85194a7bfffffff,312695.5933133733,285000.0,626641969,2004,"POLYGON ((-0.4721675427253306 50.8725957489946, -0.5734974307177894 50.82356886138601, -0.5517883058459964 50.73740388816192, -0.4291172430620276 50.70031478087019, -0.3280054716912696 50.74929122097596, -0.349346676554008 50.83540705302541, -0.4721675427253306 50.8725957489946))"
230,85194a83fffffff,362698.8984587489,320000.0,400056885,1103,"POLYGON ((0.4434538024388197 51.30704692584785, 0.3413999875022228 51.25937892067131, 0.3617437304864788 51.1736715045641, 0.4837703633213463 51.13568452297741, 0.585594391711485 51.1833055268818, 0.565621503946714 51.2689603523234, 0.4434538024388197 51.30704692584785))"
231,85194a87fffffff,445006.8585526316,390000.0,135282085,304,"POLYGON ((0.585594391711485 51.1833055268818, 0.4837703633213463 51.13568452297741, 0.5038333112341208 51.04992651268776, 0.6253513985838689 51.01184282484068, 0.7269453743110863 51.05941742296285, 0.707251240003545 51.14512195511556, 0.585594391711485 51.1833055268818))"
232,85194a8bfffffff,491043.0415800416,375000.0,472383406,962,"POLYGON ((0.2188625323396274 51.29726713088804, 0.1168124792084978 51.24934830811168, 0.1375276379247999 51.16358931854568, 0.2599213736960176 51.12580056275485, 0.3617437304864788 51.1736715045641, 0.3413999875022228 51.25937892067131, 0.2188625323396274 51.29726713088804))"
233,85194a8ffffffff,579361.5352697095,455000.0,139626130,241,"POLYGON ((0.3617437304864788 51.1736715045641, 0.2599213736960176 51.12580056275485, 0.280353712579347 51.03999008572973, 0.4022389513239568 51.00210285649395, 0.5038333112341208 51.04992651268776, 0.4837703633213463 51.13568452297741, 0.3617437304864788 51.1736715045641))"
234,85194a93fffffff,280746.46089150547,250000.0,667615084,2378,"POLYGON ((0.5254854856721364 51.44011511127079, 0.4231995945703563 51.39265058063999, 0.4434538024388197 51.30704692584785, 0.565621503946714 51.2689603523234, 0.6676758058154982 51.31637816437154, 0.647793921578214 51.40192910663573, 0.5254854856721364 51.44011511127079))"
235,85194a97fffffff,470736.35,377500.0,84732543,180,"POLYGON ((0.6676758058154982 51.31637816437154, 0.565621503946714 51.2689603523234, 0.585594391711485 51.1833055268818, 0.707251240003545 51.14512195511556, 0.8090736973723116 51.19249364983366, 0.7894710716360113 51.27809487349491, 0.6676758058154982 51.31637816437154))"
236,85194a9bfffffff,420124.36808510637,370000.0,197458453,470,"POLYGON ((0.3005187360145891 51.43063808886089, 0.1982354244706126 51.38292248124412, 0.2188625323396274 51.29726713088804, 0.3413999875022228 51.25937892067131, 0.4434538024388197 51.30704692584785, 0.4231995945703563 51.39265058063999, 0.3005187360145891 51.43063808886089))"
237,85194aa3fffffff,244258.48056537102,220000.0,207375450,849,"POLYGON ((0.6451361019446668 50.92603568812779, 0.5437700156937099 50.8782587278175, 0.5636443563510424 50.79234969815461, 0.6845193558539612 50.75427170189285, 0.7856569149515493 50.80200255039173, 0.7661479249120854 50.88785734962688, 0.6451361019446668 50.92603568812779))"
238,85194aabfffffff,278696.31074766355,252000.0,238564042,856,"POLYGON ((0.422391023861791 50.9162423673841, 0.3210257264700241 50.86821660661348, 0.3412659959096388 50.78225435242318, 0.4625055663730612 50.74437092503135, 0.5636443563510424 50.79234969815461, 0.5437700156937099 50.8782587278175, 0.422391023861791 50.9162423673841))"
239,85194ab3fffffff,362692.85714285716,300000.0,48238150,133,"POLYGON ((0.7269453743110863 51.05941742296285, 0.6253513985838689 51.01184282484068, 0.6451361019446668 50.92603568812779, 0.7661479249120854 50.88785734962688, 0.8675116052018564 50.9353861317387, 0.8480936772652931 51.02113891048859, 0.7269453743110863 51.05941742296285))"
240,85194abbfffffff,384554.61132075475,350000.0,101906972,265,"POLYGON ((0.5038333112341208 51.04992651268776, 0.4022389513239568 51.00210285649395, 0.422391023861791 50.9162423673841, 0.5437700156937099 50.8782587278175, 0.6451361019446668 50.92603568812779, 0.6253513985838689 51.01184282484068, 0.5038333112341208 51.04992651268776))"
241,85194ac3fffffff,449449.06256368454,385000.0,2205446550,4907,"POLYGON ((-0.1505100096980617 51.4103281229965, -0.252778224807949 51.36210851644336, -0.2314037208827554 51.27635284980013, -0.1081349995814623 51.23886626816462, -0.006091998755777998 51.28703651795584, -0.02709254981151247 51.37274254089537, -0.1505100096980617 51.4103281229965))"
242,85194ac7fffffff,518900.5380116959,422500.0,266195976,513,"POLYGON ((-0.006091998755777998 51.28703651795584, -0.1081349995814623 51.23886626816462, -0.08704789762074169 51.15305672832391, 0.03571021117280077 51.11546782498147, 0.1375276379247999 51.16358931854568, 0.1168124792084978 51.24934830811168, -0.006091998755777998 51.28703651795584))"
243,85194acbfffffff,647997.6150110376,490000.0,1467714598,2265,"POLYGON ((-0.3765597653324577 51.39949068749302, -0.4788154332606211 51.35101818970246, -0.4570665005987207 51.26521391401484, -0.3334363638106165 51.22793057885664, -0.2314037208827554 51.27635284980013, -0.252778224807949 51.36210851644336, -0.3765597653324577 51.39949068749302))"
244,85194acffffffff,417371.2240844196,360000.0,672385042,1611,"POLYGON ((-0.2314037208827554 51.27635284980013, -0.3334363638106165 51.22793057885664, -0.3119768244070202 51.14207151778541, -0.1888571206002735 51.10468408424408, -0.08704789762074169 51.15305672832391, -0.1081349995814623 51.23886626816462, -0.2314037208827554 51.27635284980013))"
245,85194ad3fffffff,633082.7227877838,490000.0,8892913007,14047,"POLYGON ((-0.06929409787986855 51.54399608943081, -0.171798544609975 51.49597969639886, -0.1505100096980617 51.4103281229965, -0.02709254981151247 51.37274254089537, 0.07518487487713633 51.42070984556817, 0.0542718130165512 51.50631165484364, -0.06929409787986855 51.54399608943081))"
246,85194ad7fffffff,500405.79833333334,430000.0,900730437,1800,"POLYGON ((0.07518487487713633 51.42070984556817, -0.02709254981151247 51.37274254089537, -0.006091998755777998 51.28703651795584, 0.1168124792084978 51.24934830811168, 0.2188625323396274 51.29726713088804, 0.1982354244706126 51.38292248124412, 0.07518487487713633 51.42070984556817))"
247,85194adbfffffff,734520.7841532781,575000.0,7360632778,10021,"POLYGON ((-0.2957312202086708 51.53346055976095, -0.3982242646620345 51.48519099048239, -0.3765597653324577 51.39949068749302, -0.252778224807949 51.36210851644336, -0.1505100096980617 51.4103281229965, -0.171798544609975 51.49597969639886, -0.2957312202086708 51.53346055976095))"
248,85194c4bfffffff,332921.9696969697,302500.0,43945700,132,"POLYGON ((1.39303478629957 52.115371084413, 1.289596476457446 52.06943418924786, 1.308629879247167 51.98446717094164, 1.430723169653458 51.94549219007158, 1.533916576364444 51.99138557764411, 1.51526148178034 52.07629729141198, 1.39303478629957 52.115371084413))"
250,85194c5bfffffff,308855.9013157895,266000.0,93892194,304,"POLYGON ((1.477771174956807 52.24596003210688, 1.374099690703379 52.2002300804246, 1.39303478629957 52.115371084413, 1.51526148178034 52.07629729141198, 1.618686178178375 52.12198401704057, 1.60013084849948 52.20678759889599, 1.477771174956807 52.24596003210688))"
251,85194e03fffffff,307423.07547169813,270000.0,293281614,954,"POLYGON ((0.6303882323482692 51.96102899457063, 0.5271655838053348 51.9141315294878, 0.5474309791538098 51.82889760587567, 0.670540062560414 51.79061314588441, 0.7735258805394202 51.83746410620485, 0.7536393652221248 51.92264586588114, 0.6303882323482692 51.96102899457063))"
252,85194e07fffffff,347722.3218390805,300000.0,90755526,261,"POLYGON ((0.7735258805394202 51.83746410620485, 0.670540062560414 51.79061314588441, 0.6905199499671298 51.70532490032161, 0.8131088158318425 51.66694051750804, 0.9158575576213462 51.71374559754104, 0.8962544236630333 51.79898077705768, 0.7735258805394202 51.83746410620485))"
253,85194e0bfffffff,420470.4498567335,365250.0,146744187,349,"POLYGON ((0.4035339003328077 51.95231398447687, 0.3003123342094513 51.90516380636657, 0.3209572175984165 51.81987874103719, 0.4444441085163977 51.78179482896927, 0.5474309791538098 51.82889760587567, 0.5271655838053348 51.9141315294878, 0.4035339003328077 51.95231398447687))"
254,85194e0ffffffff,373856.73201692523,325000.0,530128846,1418,"POLYGON ((0.5474309791538098 51.82889760587567, 0.4444441085163977 51.78179482896927, 0.4648013745813435 51.69645453362495, 0.5877680563112744 51.6582689001643, 0.6905199499671298 51.70532490032161, 0.670540062560414 51.79061314588441, 0.5474309791538098 51.82889760587567))"
255,85194e13fffffff,310821.4677103718,275000.0,158829770,511,"POLYGON ((0.7136747369671699 52.09284753169542, 0.610215683104552 52.04615588257523, 0.6303882323482692 51.96102899457063, 0.7536393652221248 51.92264586588114, 0.856859721409804 51.96929128063188, 0.8370675577453491 52.05436589244748, 0.7136747369671699 52.09284753169542))"
256,85194e17fffffff,289068.8008766437,260000.0,461642875,1597,"POLYGON ((0.856859721409804 51.96929128063188, 0.7536393652221248 51.92264586588114, 0.7735258805394202 51.83746410620485, 0.8962544236630333 51.79898077705768, 0.9992358481188535 51.84558058774808, 0.9797275709118567 51.93070916744754, 0.856859721409804 51.96929128063188))"
257,85194e1bfffffff,401041.65,320000.0,64166664,160,"POLYGON ((0.4864395496725165 52.08443672682002, 0.3829803407511692 52.03749212662957, 0.4035339003328077 51.95231398447687, 0.5271655838053348 51.9141315294878, 0.6303882323482692 51.96102899457063, 0.610215683104552 52.04615588257523, 0.4864395496725165 52.08443672682002))"
258,85194e23fffffff,352510.4006024096,310000.0,117033453,332,"POLYGON ((0.8328058311650387 51.58159940586624, 0.7302891714863198 51.53458956381485, 0.7500791009032517 51.44914319537337, 0.872012431885091 51.41076035062328, 0.9742936245893355 51.45772464735843, 0.9548768658719202 51.54311717288894, 0.8328058311650387 51.58159940586624))"
259,85194e27fffffff,348566.9864498645,305000.0,128621218,369,"POLYGON ((0.9742936245893355 51.45772464735843, 0.872012431885091 51.41076035062328, 0.8915226017155073 51.32526313171959, 1.012942798827725 51.28678477799964, 1.114988315063807 51.33370413631495, 1.095849217897076 51.41914662726962, 0.9742936245893355 51.45772464735843))"
260,85194e2bfffffff,330168.50718132855,275500.0,367807717,1114,"POLYGON ((0.6078403444308247 51.5728748383384, 0.5053217600883795 51.5256143120684, 0.5254854856721364 51.44011511127079, 0.647793921578214 51.40192910663573, 0.7500791009032517 51.44914319537337, 0.7302891714863198 51.53458956381485, 0.6078403444308247 51.5728748383384))"
261,85194e2ffffffff,269712.4988207547,240000.0,228716199,848,"POLYGON ((0.7500791009032517 51.44914319537337, 0.647793921578214 51.40192910663573, 0.6676758058154982 51.31637816437154, 0.7894710716360113 51.27809487349491, 0.8915226017155073 51.32526313171959, 0.872012431885091 51.41076035062328, 0.7500791009032517 51.44914319537337))"
262,85194e33fffffff,372500.347826087,279250.0,17135016,46,"POLYGON ((0.9158575576213462 51.71374559754104, 0.8131088158318425 51.66694051750804, 0.8328058311650387 51.58159940586624, 0.9548768658719202 51.54311717288894, 1.05738830989968 51.58987699119737, 1.038065925430535 51.6751641423735, 0.9158575576213462 51.71374559754104))"
263,85194e3bfffffff,321521.7606619987,300000.0,505110686,1571,"POLYGON ((0.6905199499671298 51.70532490032161, 0.5877680563112744 51.6582689001643, 0.6078403444308247 51.5728748383384, 0.7302891714863198 51.53458956381485, 0.8328058311650387 51.58159940586624, 0.8131088158318425 51.66694051750804, 0.6905199499671298 51.70532490032161))"
264,85194e43fffffff,519015.6238938053,435000.0,117297531,226,"POLYGON ((0.03083336995144973 52.06624646622816, -0.07261590585407318 52.01879400437745, -0.05129858945458984 51.93351644433464, 0.07308579205334735 51.89574036858542, 0.1763028841734967 51.94314390730678, 0.1553677239422789 52.02837227546571, 0.03083336995144973 52.06624646622816))"
265,85194e47fffffff,458958.15883977903,399000.0,332285707,724,"POLYGON ((0.1763028841734967 51.94314390730678, 0.07308579205334735 51.89574036858542, 0.09411073723311561 51.81040518981712, 0.2179726521679428 51.77252349550631, 0.3209572175984165 51.81987874103719, 0.3003123342094513 51.90516380636657, 0.1763028841734967 51.94314390730678))"
266,85194e4bfffffff,342031.5827702703,290000.0,404965394,1184,"POLYGON ((-0.1975250647611447 52.05646235527439, -0.3009642197493146 52.00875501367884, -0.2792642267932731 51.92342930173213, -0.154507799736684 51.88585891275974, -0.05129858945458984 51.93351644433464, -0.07261590585407318 52.01879400437745, -0.1975250647611447 52.05646235527439))"
267,85194e4ffffffff,457582.1618759455,390000.0,302461809,661,"POLYGON ((-0.05129858945458984 51.93351644433464, -0.154507799736684 51.88585891275974, -0.1331022536137593 51.8004746547703, -0.008868148669403851 51.76279683876956, 0.09411073723311561 51.81040518981712, 0.07308579205334735 51.89574036858542, -0.05129858945458984 51.93351644433464))"
268,85194e53fffffff,587794.151724138,470000.0,255690456,435,"POLYGON ((0.1132952652774396 52.1986635433904, 0.009605253222124719 52.15141666648389, 0.03083336995144973 52.06624646622816, 0.1553677239422789 52.02837227546571, 0.2588236790467983 52.07557048500227, 0.2379792785104799 52.16069138259354, 0.1132952652774396 52.1986635433904))"
269,85194e57fffffff,443364.43298969074,394750.0,129019050,291,"POLYGON ((0.2588236790467983 52.07557048500227, 0.1553677239422789 52.02837227546571, 0.1763028841734967 51.94314390730678, 0.3003123342094513 51.90516380636657, 0.4035339003328077 51.95231398447687, 0.3829803407511692 52.03749212662957, 0.2588236790467983 52.07557048500227))"
270,85194e5bfffffff,417851.8677042801,341990.0,107387930,257,"POLYGON ((-0.1154563439449976 52.18918283879583, -0.2191374344592494 52.1416808182628, -0.1975250647611447 52.05646235527439, -0.07261590585407318 52.01879400437745, 0.03083336995144973 52.06624646622816, 0.009605253222124719 52.15141666648389, -0.1154563439449976 52.18918283879583))"
271,85194e63fffffff,424254.6544434858,369000.0,983422289,2318,"POLYGON ((0.2387078883708132 51.6871321727818, 0.1359596806275017 51.63957237832367, 0.1567843069188221 51.55407547170471, 0.279980621827643 51.51618910528853, 0.3824978230126184 51.56370096149118, 0.362049653390951 51.64914695700821, 0.2387078883708132 51.6871321727818))"
272,85194e67fffffff,305762.0422898401,282000.0,592872600,1939,"POLYGON ((0.3824978230126184 51.56370096149118, 0.279980621827643 51.51618910528853, 0.3005187360145891 51.43063808886089, 0.4231995945703563 51.39265058063999, 0.5254854856721364 51.44011511127079, 0.5053217600883795 51.5256143120684, 0.3824978230126184 51.56370096149118))"
273,85194e6bfffffff,453378.6822908817,406000.0,3008167557,6635,"POLYGON ((0.01224561508054179 51.67735551708519, -0.09049572212653015 51.62954287858391, -0.06929409787986855 51.54399608943081, 0.0542718130165512 51.50631165484364, 0.1567843069188221 51.55407547170471, 0.1359596806275017 51.63957237832367, 0.01224561508054179 51.67735551708519))"
274,85194e6ffffffff,356869.07112597546,332000.0,1600557784,4485,"POLYGON ((0.1567843069188221 51.55407547170471, 0.0542718130165512 51.50631165484364, 0.07518487487713633 51.42070984556817, 0.1982354244706126 51.38292248124412, 0.3005187360145891 51.43063808886089, 0.279980621827643 51.51618910528853, 0.1567843069188221 51.55407547170471))"
275,85194e73fffffff,491852.62732919253,412500.0,158376546,322,"POLYGON ((0.3209572175984165 51.81987874103719, 0.2179726521679428 51.77252349550631, 0.2387078883708132 51.6871321727818, 0.362049653390951 51.64914695700821, 0.4648013745813435 51.69645453362495, 0.4444441085163977 51.78179482896927, 0.3209572175984165 51.81987874103719))"
276,85194e77fffffff,353264.4686520376,303500.0,676148193,1914,"POLYGON ((0.4648013745813435 51.69645453362495, 0.362049653390951 51.64914695700821, 0.3824978230126184 51.56370096149118, 0.5053217600883795 51.5256143120684, 0.6078403444308247 51.5728748383384, 0.5877680563112744 51.6582689001643, 0.4648013745813435 51.69645453362495))"
277,85194e7bfffffff,390459.19241192413,310000.0,432238326,1107,"POLYGON ((0.09411073723311561 51.81040518981712, -0.008868148669403851 51.76279683876956, 0.01224561508054179 51.67735551708519, 0.1359596806275017 51.63957237832367, 0.2387078883708132 51.6871321727818, 0.2179726521679428 51.77252349550631, 0.09411073723311561 51.81040518981712))"
278,85194e83fffffff,265919.04777070065,240000.0,166997162,628,"POLYGON ((1.024517510090237 52.23200491165164, 0.9208262406384641 52.18577207345978, 0.9405230648406573 52.10080526384993, 1.063529840389266 52.06212452924717, 1.166978426725582 52.10831231112813, 1.147662821779661 52.19322571855439, 1.024517510090237 52.23200491165164))"
279,85194e87fffffff,256554.85853939047,220000.0,446148899,1739,"POLYGON ((1.166978426725582 52.10831231112813, 1.063529840389266 52.06212452924717, 1.082942277325677 51.97710320944255, 1.20542416213232 51.93832380947757, 1.308629879247167 51.98446717094164, 1.289596476457446 52.06943418924786, 1.166978426725582 52.10831231112813))"
280,85194e8bfffffff,402844.15178571426,350000.0,45118545,112,"POLYGON ((0.797292102995167 52.22435206483638, 0.6935960175055407 52.17786672788145, 0.7136747369671699 52.09284753169542, 0.8370675577453491 52.05436589244748, 0.9405230648406573 52.10080526384993, 0.9208262406384641 52.18577207345978, 0.797292102995167 52.22435206483638))"
281,85194e8ffffffff,418750.7896825397,330000.0,105525199,252,"POLYGON ((0.9405230648406573 52.10080526384993, 0.8370675577453491 52.05436589244748, 0.856859721409804 51.96929128063188, 0.9797275709118567 51.93070916744754, 1.082942277325677 51.97710320944255, 1.063529840389266 52.06212452924717, 0.9405230648406573 52.10080526384993))"
282,85194e93fffffff,368349.9645390071,345000.0,51937345,141,"POLYGON ((1.108844663407516 52.36288909531547, 1.004917021465023 52.31686327231878, 1.024517510090237 52.23200491165164, 1.147662821779661 52.19322571855439, 1.251345884611225 52.23920675679882, 1.232128111634322 52.32401160693584, 1.108844663407516 52.36288909531547))"
283,85194e97fffffff,371760.5714285714,315000.0,96285988,259,"POLYGON ((1.251345884611225 52.23920675679882, 1.147662821779661 52.19322571855439, 1.166978426725582 52.10831231112813, 1.289596476457446 52.06943418924786, 1.39303478629957 52.115371084413, 1.374099690703379 52.2002300804246, 1.251345884611225 52.23920675679882))"
284,85194e9bfffffff,329288.5,285000.0,97469396,296,"POLYGON ((0.8812419475963249 52.35554145712137, 0.7773082053426663 52.30926292063635, 0.797292102995167 52.22435206483638, 0.9208262406384641 52.18577207345978, 1.024517510090237 52.23200491165164, 1.004917021465023 52.31686327231878, 0.8812419475963249 52.35554145712137))"
285,85194ea3fffffff,238135.0364188164,215000.0,156930989,659,"POLYGON ((1.22455487670609 51.85324941950292, 1.121581169102792 51.80690007679976, 1.140808208204183 51.72171897334191, 1.262633446330685 51.68294213114072, 1.365365980643695 51.72924739859873, 1.346514344782451 51.81437342235005, 1.22455487670609 51.85324941950292))"
286,85194eabfffffff,271683.83636363636,220000.0,74713055,275,"POLYGON ((0.9992358481188535 51.84558058774808, 0.8962544236630333 51.79898077705768, 0.9158575576213462 51.71374559754104, 1.038065925430535 51.6751641423735, 1.140808208204183 51.72171897334191, 1.121581169102792 51.80690007679976, 0.9992358481188535 51.84558058774808))"
287,85194eb3fffffff,243507.9045045045,215000.0,135146887,555,"POLYGON ((1.308629879247167 51.98446717094164, 1.20542416213232 51.93832380947757, 1.22455487670609 51.85324941950292, 1.346514344782451 51.81437342235005, 1.44947703026394 51.86047299316366, 1.430723169653458 51.94549219007158, 1.308629879247167 51.98446717094164))"
288,85194ebbfffffff,345896.67435158504,303000.0,120026146,347,"POLYGON ((1.082942277325677 51.97710320944255, 0.9797275709118567 51.93070916744754, 0.9992358481188535 51.84558058774808, 1.121581169102792 51.80690007679976, 1.22455487670609 51.85324941950292, 1.20542416213232 51.93832380947757, 1.082942277325677 51.97710320944255))"
289,85194ec3fffffff,332571.52811735944,265000.0,136021755,409,"POLYGON ((0.4248577429367954 52.33948256130177, 0.3209220948868235 52.29269652884312, 0.3416747525505579 52.20768375406314, 0.4659782932213306 52.16950728771405, 0.5696757860837801 52.21624580744182, 0.5493078204778846 52.3012081366743, 0.4248577429367954 52.33948256130177))"
290,85194ec7fffffff,339221.88157894736,287475.0,51561726,152,"POLYGON ((0.5696757860837801 52.21624580744182, 0.4659782932213306 52.16950728771405, 0.4864395496725165 52.08443672682002, 0.610215683104552 52.04615588257523, 0.7136747369671699 52.09284753169542, 0.6935960175055407 52.17786672788145, 0.5696757860837801 52.21624580744182))"
291,85194ecbfffffff,427115.03871829103,378380.0,319909164,749,"POLYGON ((0.1960887449369758 52.33076651446935, 0.09215732663339479 52.28372572976886, 0.1132952652774396 52.1986635433904, 0.2379792785104799 52.16069138259354, 0.3416747525505579 52.20768375406314, 0.3209220948868235 52.29269652884312, 0.1960887449369758 52.33076651446935))"
292,85194ecffffffff,332592.14444444445,265000.0,119733172,360,"POLYGON ((0.3416747525505579 52.20768375406314, 0.2379792785104799 52.16069138259354, 0.2588236790467983 52.07557048500227, 0.3829803407511692 52.03749212662957, 0.4864395496725165 52.08443672682002, 0.4659782932213306 52.16950728771405, 0.3416747525505579 52.20768375406314))"
293,85194ed3fffffff,233736.6582733813,208000.0,64978791,278,"POLYGON ((0.5083742960131257 52.47096576912291, 0.4041978198182538 52.42438656872004, 0.4248577429367954 52.33948256130177, 0.5493078204778846 52.3012081366743, 0.6532442374002405 52.34774008131468, 0.6329705588084736 52.43259353614003, 0.5083742960131257 52.47096576912291))"
294,85194ed7fffffff,336088.82280701754,290000.0,191570629,570,"POLYGON ((0.6532442374002405 52.34774008131468, 0.5493078204778846 52.3012081366743, 0.5696757860837801 52.21624580744182, 0.6935960175055407 52.17786672788145, 0.797292102995167 52.22435206483638, 0.7773082053426663 52.30926292063635, 0.6532442374002405 52.34774008131468))"
295,85194edbfffffff,314685.09315068496,280000.0,114860059,365,"POLYGON ((0.2792154650880603 52.46255423376157, 0.1750419713268154 52.41572004060963, 0.1960887449369758 52.33076651446935, 0.3209220948868235 52.29269652884312, 0.4248577429367954 52.33948256130177, 0.4041978198182538 52.42438656872004, 0.2792154650880603 52.46255423376157))"
296,85195087fffffff,144099.2479338843,135000.0,17436009,121,"POLYGON ((-3.710899975469709 54.57941139054526, -3.818957989192239 54.53022977666311, -3.789998933832509 54.44645599656889, -3.653407810606227 54.41188944414512, -3.545561655035835 54.46100601698996, -3.574094627729376 54.54475397838873, -3.710899975469709 54.57941139054526))"
297,85195097fffffff,147590.4652956298,120000.0,57412691,389,"POLYGON ((-3.631448328320836 54.71204027859758, -3.739790841629909 54.66306737994495, -3.710899975469709 54.57941139054526, -3.574094627729376 54.54475397838873, -3.465966026850463 54.59366194103829, -3.494428727855876 54.67729204593729, -3.631448328320836 54.71204027859758))"
298,851950b3fffffff,163946.05263157896,160000.0,6229950,38,"POLYGON ((-3.545561655035835 54.46100601698996, -3.653407810606227 54.41188944414512, -3.624805574841305 54.32802415702755, -3.488781136837584 54.29330214268636, -3.381147940007665 54.34235440170626, -3.409326095579432 54.42619278542931, -3.545561655035835 54.46100601698996))"
299,851950b7fffffff,135325.3076923077,95000.0,10555374,78,"POLYGON ((-3.381147940007665 54.34235440170626, -3.488781136837584 54.29330214268636, -3.460532668864825 54.20934690247566, -3.325072957446305 54.17447170053283, -3.217653781219766 54.22346036913419, -3.245480178699252 54.30738762809664, -3.381147940007665 54.34235440170626))"
300,85195103fffffff,203251.82110091744,165000.0,265853382,1308,"POLYGON ((-3.131717240669953 53.58475562730446, -3.237888158600786 53.53527066460386, -3.210468834689424 53.45071201734034, -3.077288674422712 53.41566906942464, -2.971328791834833 53.46509215386332, -2.998337934790732 53.54961986970423, -3.131717240669953 53.58475562730446))"
301,85195107fffffff,155989.21472312705,125000.0,1197217223,7675,"POLYGON ((-2.971328791834833 53.46509215386332, -3.077288674422712 53.41566906942464, -3.050208212333722 53.33102815653602, -2.917575996124069 53.29584210925577, -2.811828085676489 53.34520400150838, -2.838500328800892 53.4298129399326, -2.971328791834833 53.46509215386332))"
302,8519510ffffffff,245461.76069017255,200000.0,327200527,1333,"POLYGON ((-3.210468834689424 53.45071201734034, -3.316369260299754 53.4010209840951, -3.288880540391451 53.31634922349754, -3.155899549987122 53.28139914998044, -3.050208212333722 53.33102815653602, -3.077288674422712 53.41566906942464, -3.210468834689424 53.45071201734034))"
303,85195113fffffff,217082.92248062015,173500.0,280036970,1290,"POLYGON ((-3.052623843076306 53.71847894046447, -3.159066203283327 53.66920057162432, -3.131717240669953 53.58475562730446, -2.998337934790732 53.54961986970423, -2.892108574363031 53.59883650684488, -2.919045424046189 53.68325043760353, -3.052623843076306 53.71847894046447))"
304,85195117fffffff,179188.94948952176,152000.0,333470635,1861,"POLYGON ((-2.892108574363031 53.59883650684488, -2.998337934790732 53.54961986970423, -2.971328791834833 53.46509215386332, -2.838500328800892 53.4298129399326, -2.732484897377332 53.47896853846851, -2.759083912913694 53.56346419535517, -2.892108574363031 53.59883650684488))"
305,85195123fffffff,299626.09793103446,220000.0,217228921,725,"POLYGON ((-2.890831498401679 53.21112048382632, -2.996312803930832 53.16155282489356, -2.96949701495407 53.07671911507781, -2.83760421032267 53.04148579535924, -2.732333846348288 53.09099278165998, -2.758745260260626 53.17579356938177, -2.890831498401679 53.21112048382632))"
306,85195127fffffff,255743.8523809524,210000.0,53706209,210,"POLYGON ((-2.732333846348288 53.09099278165998, -2.83760421032267 53.04148579535924, -2.811120590532202 52.95657344388199, -2.679768956259296 52.92120183809545, -2.574710409127166 52.97064882258873, -2.600791602731249 53.05552722524074, -2.732333846348288 53.09099278165998))"
307,8519512bfffffff,193474.41328413284,168000.0,157294698,813,"POLYGON ((-3.128748733166006 53.19664563617667, -3.234172457263895 53.14681124053325, -3.206952240464345 53.06194573007344, -3.074712630232899 53.02694622437271, -2.96949701495407 53.07671911507781, -2.996312803930832 53.16155282489356, -3.128748733166006 53.19664563617667))"
308,8519512ffffffff,170859.1673151751,144475.0,87821612,514,"POLYGON ((-2.96949701495407 53.07671911507781, -3.074712630232899 53.02694622437271, -3.047826503788598 52.94200104090398, -2.916127180196698 52.90686139006704, -2.811120590532202 52.95657344388199, -2.83760421032267 53.04148579535924, -2.96949701495407 53.07671911507781))"
309,85195133fffffff,226255.80732177265,177000.0,117426764,519,"POLYGON ((-2.811828085676489 53.34520400150838, -2.917575996124069 53.29584210925577, -2.890831498401679 53.21112048382632, -2.758745260260626 53.17579356938177, -2.653210223820409 53.22509495139181, -2.679548469720863 53.30978356629015, -2.811828085676489 53.34520400150838))"
310,85195137fffffff,311906.9761904762,215997.5,78600558,252,"POLYGON ((-2.653210223820409 53.22509495139181, -2.758745260260626 53.17579356938177, -2.732333846348288 53.09099278165998, -2.600791602731249 53.05552722524074, -2.495470307836516 53.10476877472903, -2.521477441748725 53.18953552286989, -2.653210223820409 53.22509495139181))"
311,8519513bfffffff,210674.22759315206,170000.0,209199508,993,"POLYGON ((-3.050208212333722 53.33102815653602, -3.155899549987122 53.28139914998044, -3.128748733166006 53.19664563617667, -2.996312803930832 53.16155282489356, -2.890831498401679 53.21112048382632, -2.917575996124069 53.29584210925577, -3.050208212333722 53.33102815653602))"
312,85195163fffffff,219749.85135135136,167000.0,32522978,148,"POLYGON ((-3.527837309414966 53.301165180202, -3.633403844067874 53.25100060896819, -3.605440358853434 53.16618670006924, -3.472316545752909 53.13156680161839, -3.366954261628905 53.18166837466382, -3.394511421970194 53.2664526508476, -3.527837309414966 53.301165180202))"
313,85195167fffffff,219482.24489795917,186997.5,21509260,98,"POLYGON ((-3.366954261628905 53.18166837466382, -3.472316545752909 53.13156680161839, -3.444691890897972 53.04667061576268, -3.312109280813075 53.01190648626375, -3.206952240464345 53.06194573007344, -3.234172457263895 53.14681124053325, -3.366954261628905 53.18166837466382))"
314,8519516bfffffff,201535.51136363635,166000.0,17735125,88,"POLYGON ((-3.767070700883962 53.28547403955837, -3.872568990982463 53.23504105675537, -3.844199242809454 53.15019864830769, -3.710737337217705 53.11581752823039, -3.605440358853434 53.16618670006924, -3.633403844067874 53.25100060896819, -3.767070700883962 53.28547403955837))"
316,85195173fffffff,155970.02702702704,137500.0,86563365,555,"POLYGON ((-3.449897230003909 53.43582608369586, -3.555734282590579 53.38586665804354, -3.527837309414966 53.301165180202, -3.394511421970194 53.2664526508476, -3.288880540391451 53.31634922349754, -3.316369260299754 53.4010209840951, -3.449897230003909 53.43582608369586))"
317,85195177fffffff,195413.90836653387,155000.0,49048891,251,"POLYGON ((-3.288880540391451 53.31634922349754, -3.394511421970194 53.2664526508476, -3.366954261628905 53.18166837466382, -3.234172457263895 53.14681124053325, -3.128748733166006 53.19664563617667, -3.155899549987122 53.28139914998044, -3.288880540391451 53.31634922349754))"
318,8519517bfffffff,180869.95752895752,162500.0,93690638,518,"POLYGON ((-3.689606122749185 53.42043234279099, -3.795375879162026 53.37020410063899, -3.767070700883962 53.28547403955837, -3.633403844067874 53.25100060896819, -3.527837309414966 53.301165180202, -3.555734282590579 53.38586665804354, -3.689606122749185 53.42043234279099))"
319,85195183fffffff,193685.07061068702,160000.0,304472931,1572,"POLYGON ((-2.732638103143025 53.86536187394302, -2.839409223834114 53.81655967577777, -2.812545651394239 53.73226011006756, -2.679324848336759 53.69679476983902, -2.572771621472572 53.74553623109282, -2.599221223824541 53.82980357350863, -2.732638103143025 53.86536187394302))"
320,85195187fffffff,184384.51869806094,155000.0,266251245,1444,"POLYGON ((-2.572771621472572 53.74553623109282, -2.679324848336759 53.69679476983902, -2.652800043115278 53.61241298096444, -2.520133871961731 53.57680572515897, -2.413799416875221 53.62548715235881, -2.439912289956829 53.70983567498507, -2.572771621472572 53.74553623109282))"
321,8519518bfffffff,194194.74967574578,147750.0,299448304,1542,"POLYGON ((-2.973186715201038 53.85188085978184, -3.079901469260054 53.80280960033998, -3.052623843076306 53.71847894046447, -2.919045424046189 53.68325043760353, -2.812545651394239 53.73226011006756, -2.839409223834114 53.81655967577777, -2.973186715201038 53.85188085978184))"
322,8519518ffffffff,228372.02533532042,185000.0,153237629,671,"POLYGON ((-2.812545651394239 53.73226011006756, -2.919045424046189 53.68325043760353, -2.892108574363031 53.59883650684488, -2.759083912913694 53.56346419535517, -2.652800043115278 53.61241298096444, -2.679324848336759 53.69679476983902, -2.812545651394239 53.73226011006756))"
323,85195193fffffff,325702.70588235295,258247.5,22147784,68,"POLYGON ((-2.652383998519509 53.99814072462999, -2.759427404445213 53.9495465026762, -2.732638103143025 53.86536187394302, -2.599221223824541 53.82980357350863, -2.492397719962228 53.87833720671304, -2.518771116970531 53.96248953222018, -2.652383998519509 53.99814072462999))"
324,85195197fffffff,169962.99137931035,120000.0,216872777,1276,"POLYGON ((-2.492397719962228 53.87833720671304, -2.599221223824541 53.82980357350863, -2.572771621472572 53.74553623109282, -2.439912289956829 53.70983567498507, -2.333309557716619 53.75830942928584, -2.359345317825497 53.84254342327844, -2.492397719962228 53.87833720671304))"
325,8519519bfffffff,237796.10059171598,189375.0,80375082,338,"POLYGON ((-2.893403918839716 53.98496030402782, -3.000392019898923 53.93609666179085, -2.973186715201038 53.85188085978184, -2.839409223834114 53.81655967577777, -2.732638103143025 53.86536187394302, -2.759427404445213 53.9495465026762, -2.893403918839716 53.98496030402782))"
326,851951a3fffffff,290297.6684709066,211500.0,429059954,1478,"POLYGON ((-2.493944886789793 53.49234325084061, -2.600011967604088 53.44345465620875, -2.573747861403011 53.35887881512716, -2.441824620107514 53.32322559284749, -2.335975179708694 53.3720546880428, -2.361831273980022 53.45659631294664, -2.493944886789793 53.49234325084061))"
327,851951a7fffffff,557526.1769547325,425475.0,270957722,486,"POLYGON ((-2.335975179708694 53.3720546880428, -2.441824620107514 53.32322559284749, -2.415892516123765 53.23857110663445, -2.284516903570063 53.20278076783952, -2.178885920929027 53.25155105071479, -2.204412035289376 53.33617029425413, -2.335975179708694 53.3720546880428))"
328,851951abfffffff,177303.87252619324,145000.0,609216106,3436,"POLYGON ((-2.732484897377332 53.47896853846851, -2.838500328800892 53.4298129399326, -2.811828085676489 53.34520400150838, -2.679548469720863 53.30978356629015, -2.573747861403011 53.35887881512716, -2.600011967604088 53.44345465620875, -2.732484897377332 53.47896853846851))"
329,851951affffffff,278440.7716836735,206250.0,218297565,784,"POLYGON ((-2.573747861403011 53.35887881512716, -2.679548469720863 53.30978356629015, -2.653210223820409 53.22509495139181, -2.521477441748725 53.18953552286989, -2.415892516123765 53.23857110663445, -2.441824620107514 53.32322559284749, -2.573747861403011 53.35887881512716))"
330,851951b3fffffff,191565.46741071428,155000.0,858213294,4480,"POLYGON ((-2.413799416875221 53.62548715235881, -2.520133871961731 53.57680572515897, -2.493944886789793 53.49234325084061, -2.361831273980022 53.45659631294664, -2.255716433738431 53.50521840455627, -2.281495528878627 53.58964657677642, -2.413799416875221 53.62548715235881))"
331,851951b7fffffff,239550.72022634558,195000.0,1820345923,7599,"POLYGON ((-2.255716433738431 53.50521840455627, -2.361831273980022 53.45659631294664, -2.335975179708694 53.3720546880428, -2.204412035289376 53.33617029425413, -2.098517618694293 53.38473374425534, -2.123965868733995 53.46924003835311, -2.255716433738431 53.50521840455627))"
332,851951bbfffffff,163614.81862905872,140000.0,498861582,3049,"POLYGON ((-2.652800043115278 53.61241298096444, -2.759083912913694 53.56346419535517, -2.732484897377332 53.47896853846851, -2.600011967604088 53.44345465620875, -2.493944886789793 53.49234325084061, -2.520133871961731 53.57680572515897, -2.652800043115278 53.61241298096444))"
333,851951d7fffffff,145825.74973600844,123000.0,138096985,947,"POLYGON ((-3.134728238048496 53.97127144190191, -3.241657016129361 53.92213789120694, -3.214035653710031 53.83789204974423, -3.079901469260054 53.80280960033998, -2.973186715201038 53.85188085978184, -3.000392019898923 53.93609666179085, -3.134728238048496 53.97127144190191))"
334,85195307fffffff,167144.3615819209,145000.0,29584552,177,"POLYGON ((-4.651087578534263 53.35374036329011, -4.756548805075596 53.30243301132354, -4.726612166700172 53.21760002209668, -4.591621697896138 53.18409820369173, -4.486351582961866 53.23533870111701, -4.515880648639859 53.32014767506872, -4.651087578534263 53.35374036329011))"
335,85195317fffffff,199536.625,185000.0,7981465,40,"POLYGON ((-4.575229385956504 53.4895644983491, -4.680966648505419 53.43846072300067, -4.651087578534263 53.35374036329011, -4.515880648639859 53.32014767506872, -4.410336378535593 53.37118471320513, -4.439805871970244 53.45588097938851, -4.575229385956504 53.4895644983491))"
336,85195323fffffff,137239.08695652173,133000.0,3156499,23,"POLYGON ((-4.562033967697703 53.09917712804312, -4.667030947961862 53.04773374003587, -4.637385451386481 52.96270117712731, -4.503146649547998 52.9291368060758, -4.398340119488046 52.98051387057021, -4.427581771455094 53.06552143541742, -4.562033967697703 53.09917712804312))"
337,85195327fffffff,183592.66129032258,158750.0,11382745,62,"POLYGON ((-4.398340119488046 52.98051387057021, -4.503146649547998 52.9291368060758, -4.473846158648787 52.84401829232439, -4.340141078306695 52.81030270451016, -4.23552616399571 52.86161409284716, -4.264424554088249 52.9467065522109, -4.398340119488046 52.98051387057021))"
338,8519532ffffffff,250163.63636363635,211250.0,11007200,44,"POLYGON ((-4.637385451386481 52.96270117712731, -4.742110314800903 52.91105547526551, -4.712407940509418 52.82591204792468, -4.578382413982972 52.79243904276302, -4.473846158648787 52.84401829232439, -4.503146649547998 52.9291368060758, -4.637385451386481 52.96270117712731))"
339,85195333fffffff,229187.5,202500.0,3667000,16,"POLYGON ((-4.486351582961866 53.23533870111701, -4.591621697896138 53.18409820369173, -4.562033967697703 53.09917712804312, -4.427581771455094 53.06552143541742, -4.322503965682046 53.11669573600797, -4.351685880048058 53.20159173090211, -4.486351582961866 53.23533870111701))"
340,85195337fffffff,163159.94736842104,136500.0,12400156,76,"POLYGON ((-4.322503965682046 53.11669573600797, -4.427581771455094 53.06552143541742, -4.398340119488046 52.98051387057021, -4.264424554088249 52.9467065522109, -4.159540218062495 52.99781531051558, -4.188377820213872 53.08279673559096, -4.322503965682046 53.11669573600797))"
341,851953a3fffffff,236742.2688172043,200000.0,44034062,186,"POLYGON ((-4.16983369339464 53.38811357743387, -4.275457063637878 53.33734650903727, -4.246335795045412 53.25256269679371, -4.111998981525648 53.21857206249364, -4.006572839587214 53.26927385014837, -4.035286130998211 53.35403135709477, -4.16983369339464 53.38811357743387))"
342,851953a7fffffff,158969.79545454544,135000.0,13989342,88,"POLYGON ((-4.006572839587214 53.26927385014837, -4.111998981525648 53.21857206249364, -4.083223075761111 53.13370229099468, -3.949427043171235 53.09956147578404, -3.844199242809454 53.15019864830769, -3.872568990982463 53.23504105675537, -4.006572839587214 53.26927385014837))"
343,851953abfffffff,179506.84210526315,155000.0,17053150,95,"POLYGON ((-4.410336378535593 53.37118471320513, -4.515880648639859 53.32014767506872, -4.486351582961866 53.23533870111701, -4.351685880048058 53.20159173090211, -4.246335795045412 53.25256269679371, -4.275457063637878 53.33734650903727, -4.410336378535593 53.37118471320513))"
344,851953affffffff,179449.12878787878,165000.0,71061855,396,"POLYGON ((-4.246335795045412 53.25256269679371, -4.351685880048058 53.20159173090211, -4.322503965682046 53.11669573600797, -4.188377820213872 53.08279673559096, -4.083223075761111 53.13370229099468, -4.111998981525648 53.21857206249364, -4.246335795045412 53.25256269679371))"
345,851953b7fffffff,198510.4347826087,169999.0,68486100,345,"POLYGON ((-3.929587600205809 53.40452882013018, -4.035286130998211 53.35403135709477, -4.006572839587214 53.26927385014837, -3.872568990982463 53.23504105675537, -3.767070700883962 53.28547403955837, -3.795375879162026 53.37020410063899, -3.929587600205809 53.40452882013018))"
346,851953bbfffffff,152969.51219512196,150000.0,6271750,41,"POLYGON ((-4.333986423550185 53.50671399750613, -4.439805871970244 53.45588097938851, -4.410336378535593 53.37118471320513, -4.275457063637878 53.33734650903727, -4.16983369339464 53.38811357743387, -4.198893398441706 53.47278460265517, -4.333986423550185 53.50671399750613))"
347,85195423fffffff,168205.88235294117,148250.0,5719000,34,"POLYGON ((-3.471478728651355 54.97631452199968, -3.580393385841961 54.92776049698283, -3.551641935857346 54.84434165312914, -3.414408062969147 54.80950263866862, -3.305711483050639 54.85799193235589, -3.334030572307727 54.94138476390292, -3.471478728651355 54.97631452199968))"
348,85195427fffffff,171979.2105263158,130000.0,16338025,95,"POLYGON ((-3.305711483050639 54.85799193235589, -3.414408062969147 54.80950263866862, -3.386016652872745 54.7259909130433, -3.249358828505823 54.6909953789141, -3.140881404434873 54.73942069050105, -3.1688425325305 54.8229053118819, -3.305711483050639 54.85799193235589))"
349,8519542ffffffff,125312.19354838709,95000.0,11654034,93,"POLYGON ((-3.551641935857346 54.84434165312914, -3.660269996256255 54.79557795324619, -3.631448328320836 54.71204027859758, -3.494428727855876 54.67729204593729, -3.386016652872745 54.7259909130433, -3.414408062969147 54.80950263866862, -3.551641935857346 54.84434165312914))"
350,85195437fffffff,266823.35294117645,223975.0,9071994,34,"POLYGON ((-3.225048454636595 54.98966401371705, -3.334030572307727 54.94138476390292, -3.305711483050639 54.85799193235589, -3.1688425325305 54.8229053118819, -3.060081673813845 54.87112068665159, -3.087968393958939 54.95448634950422, -3.225048454636595 54.98966401371705))"
351,851954a7fffffff,164888.70175438595,135975.0,9398656,57,"POLYGON ((-2.897403569258799 55.13353163538021, -3.006734346335287 55.08573752128815, -2.978923084814082 55.00249132266056, -2.842215360430873 54.9670674162349, -2.733111119999666 55.01479863147294, -2.760487972138604 55.09801644410708, -2.897403569258799 55.13353163538021))"
354,85195503fffffff,202970.5294117647,140000.0,3450499,17,"POLYGON ((-2.570776879504799 54.51403225457933, -2.678867929749884 54.46600400628343, -2.651961963383735 54.38225320952061, -2.517388762895471 54.34656193545215, -2.409522865061494 54.39452929367145, -2.43600494110113 54.47824861482447, -2.570776879504799 54.51403225457933))"
356,8519550bfffffff,357599.27536231885,280000.0,24674350,69,"POLYGON ((-2.814011867043198 54.50154752269405, -2.922047900713963 54.45324794362901, -2.894717926649783 54.36946680868478, -2.75977583931274 54.33401538914343, -2.651961963383735 54.38225320952061, -2.678867929749884 54.46600400628343, -2.814011867043198 54.50154752269405))"
357,8519550ffffffff,236175.50437317786,190000.0,81008198,343,"POLYGON ((-2.651961963383735 54.38225320952061, -2.75977583931274 54.33401538914343, -2.732793510082436 54.2501475209624, -2.598419132266399 54.21454867493818, -2.490828339019454 54.26272546933009, -2.517388762895471 54.34656193545215, -2.651961963383735 54.38225320952061))"
358,85195513fffffff,239149.01369863015,205000.0,17457878,73,"POLYGON ((-2.489236262081305 54.64548365273509, -2.597605446890615 54.59766544639891, -2.570776879504799 54.51403225457933, -2.43600494110113 54.47824861482447, -2.327862996486456 54.52600606531288, -2.354265679757854 54.60960770925659, -2.489236262081305 54.64548365273509))"
359,85195517fffffff,225714.2857142857,207500.0,6320000,28,"POLYGON ((-2.327862996486456 54.52600606531288, -2.43600494110113 54.47824861482447, -2.409522865061494 54.39452929367145, -2.275322510032368 54.35859983146651, -2.167408675867842 54.40629726857089, -2.193467025122582 54.48998398073054, -2.327862996486456 54.52600606531288))"
360,8519551bfffffff,272958.5,250000.0,9826506,36,"POLYGON ((-2.732951165976623 54.6333010022224, -2.841266452355294 54.58521112402097, -2.814011867043198 54.50154752269405, -2.678867929749884 54.46600400628343, -2.570776879504799 54.51403225457933, -2.597605446890615 54.59766544639891, -2.732951165976623 54.6333010022224))"
361,85195523fffffff,315263.2156862745,273250.0,32156848,102,"POLYGON ((-2.330605771806136 54.14296808420963, -2.437972594166805 54.09485158748218, -2.411676414988214 54.01081484136908, -2.278431040839012 53.97492790329982, -2.171289041488147 54.02298482620769, -2.197167533266553 54.10698806389972, -2.330605771806136 54.14296808420963))"
362,85195527fffffff,232222.80082987552,167000.0,55965695,241,"POLYGON ((-2.171289041488147 54.02298482620769, -2.278431040839012 53.97492790329982, -2.252473404496947 53.89080900692645, -2.119789290288151 53.85478138879576, -2.012872930638232 53.90277945716153, -2.038414994202862 53.98686380270447, -2.171289041488147 54.02298482620769))"
363,8519552bfffffff,284776.0869565217,265000.0,6549850,23,"POLYGON ((-2.571781395086858 54.13059560395483, -2.679098024772174 54.08220985246331, -2.652383998519509 53.99814072462999, -2.518771116970531 53.96248953222018, -2.411676414988214 54.01081484136908, -2.437972594166805 54.09485158748218, -2.571781395086858 54.13059560395483))"
364,8519552ffffffff,261049.38016528924,221995.0,63173950,242,"POLYGON ((-2.411676414988214 54.01081484136908, -2.518771116970531 53.96248953222018, -2.492397719962228 53.87833720671304, -2.359345317825497 53.84254342327844, -2.252473404496947 53.89080900692645, -2.278431040839012 53.97492790329982, -2.411676414988214 54.01081484136908))"
366,85195537fffffff,367238.4,335000.0,12853344,35,"POLYGON ((-2.089754542015162 54.15483584359863, -2.197167533266553 54.10698806389972, -2.171289041488147 54.02298482620769, -2.038414994202862 53.98686380270447, -1.931229685238891 54.03465288479935, -1.956690693882473 54.11862149162413, -2.089754542015162 54.15483584359863))"
367,8519553bfffffff,248004.05063291139,215000.0,19592320,79,"POLYGON ((-2.490828339019454 54.26272546933009, -2.598419132266399 54.21454867493818, -2.571781395086858 54.13059560395483, -2.437972594166805 54.09485158748218, -2.330605771806136 54.14296808420963, -2.356823710564067 54.22688869637471, -2.490828339019454 54.26272546933009))"
369,85195547fffffff,437667.2911392405,328750.0,69151432,158,"POLYGON ((-3.057559811885088 54.48854967360734, -3.165536696827937 54.43997825033136, -3.137782644131914 54.35616791850325, -3.002475684679823 54.32095800440513, -2.894717926649783 54.36946680868478, -2.922047900713963 54.45324794362901, -3.057559811885088 54.48854967360734))"
370,8519554bfffffff,133018.38766519824,110000.0,30195174,227,"POLYGON ((-3.465966026850463 54.59366194103829, -3.574094627729376 54.54475397838873, -3.545561655035835 54.46100601698996, -3.409326095579432 54.42619278542931, -3.301412500600802 54.4750365466176, -3.329519335747783 54.55875753637858, -3.465966026850463 54.59366194103829))"
372,85195553fffffff,382695.6019417476,320000.0,39417647,103,"POLYGON ((-3.140881404434873 54.73942069050105, -3.249358828505823 54.6909953789141, -3.221324332314222 54.60739231258852, -3.085240502137144 54.57224254215964, -2.97698327306325 54.62060461689973, -3.004589572700867 54.70417949399314, -3.140881404434873 54.73942069050105))"
374,8519555bfffffff,224419.66310160427,209500.0,41966477,187,"POLYGON ((-3.386016652872745 54.7259909130433, -3.494428727855876 54.67729204593729, -3.465966026850463 54.59366194103829, -3.329519335747783 54.55875753637858, -3.221324332314222 54.60739231258852, -3.249358828505823 54.6909953789141, -3.386016652872745 54.7259909130433))"
375,85195563fffffff,259693.25954198473,225000.0,34019817,131,"POLYGON ((-2.975071348888783 54.23705987066874, -3.082551806828233 54.18834232433183, -3.055074125926192 54.10432773458072, -2.920535906976104 54.06906068279503, -2.813273504245212 54.11771620770421, -2.840331170629494 54.20170060586858, -2.975071348888783 54.23705987066874))"
376,85195567fffffff,194955.8382663848,148500.0,184428223,946,"POLYGON ((-2.813273504245212 54.11771620770421, -2.920535906976104 54.06906068279503, -2.893403918839716 53.98496030402782, -2.759427404445213 53.9495465026762, -2.652383998519509 53.99814072462999, -2.679098024772174 54.08220985246331, -2.813273504245212 54.11771620770421))"
377,8519556bfffffff,154939.6342105263,130000.0,117754122,760,"POLYGON ((-3.217653781219766 54.22346036913419, -3.325072957446305 54.17447170053283, -3.297175222435 54.09042805857204, -3.162278257755931 54.05540193690257, -3.055074125926192 54.10432773458072, -3.082551806828233 54.18834232433183, -3.217653781219766 54.22346036913419))"
378,85195573fffffff,458072.7570093458,327000.0,49013785,107,"POLYGON ((-2.894717926649783 54.36946680868478, -3.002475684679823 54.32095800440513, -2.975071348888783 54.23705987066874, -2.840331170629494 54.20170060586858, -2.732793510082436 54.2501475209624, -2.75977583931274 54.33401538914343, -2.894717926649783 54.36946680868478))"
379,85195577fffffff,302332.9045936396,220400.0,85560212,283,"POLYGON ((-2.732793510082436 54.2501475209624, -2.840331170629494 54.20170060586858, -2.813273504245212 54.11771620770421, -2.679098024772174 54.08220985246331, -2.571781395086858 54.13059560395483, -2.598419132266399 54.21454867493818, -2.732793510082436 54.2501475209624))"
380,8519557bfffffff,290773.25581395347,200000.0,37509750,129,"POLYGON ((-3.137782644131914 54.35616791850325, -3.245480178699252 54.30738762809664, -3.217653781219766 54.22346036913419, -3.082551806828233 54.18834232433183, -2.975071348888783 54.23705987066874, -3.002475684679823 54.32095800440513, -3.137782644131914 54.35616791850325))"
382,85195587fffffff,201469.09677419355,173000.0,18736626,93,"POLYGON ((-2.002790729776275 54.66831666193305, -2.111255277028367 54.62104014745782, -2.085278297537299 54.53747118566864, -1.951262203928975 54.50121234980324, -1.843030793119116 54.54842988051593, -1.868582295394816 54.63196503013608, -2.002790729776275 54.66831666193305))"
384,8519558ffffffff,168307.6923076923,152000.0,2188000,13,"POLYGON ((-2.245846745057083 54.65715478791993, -2.354265679757854 54.60960770925659, -2.327862996486456 54.52600606531288, -2.193467025122582 54.48998398073054, -2.085278297537299 54.53747118566864, -2.111255277028367 54.62104014745782, -2.245846745057083 54.65715478791993))"
386,85195597fffffff,215079.98,115000.0,10753999,50,"POLYGON ((-1.919943981533527 54.79883272327656, -2.028685275549106 54.75176735016953, -2.002790729776275 54.66831666193305, -1.868582295394816 54.63196503013608, -1.760076260878402 54.67897156296982, -1.78554336133159 54.76238836624054, -1.919943981533527 54.79883272327656))"
387,8519559bfffffff,199292.77777777778,151525.0,3587270,18,"POLYGON ((-2.325080382286941 54.90739957117429, -2.434008721945183 54.86000282870409, -2.407338102986067 54.7766064158924, -2.272168980132319 54.74063823024442, -2.163472110986086 54.7879744804017, -2.189712831843302 54.87133920448924, -2.325080382286941 54.90739957117429))"
388,851955a3fffffff,280205.3015873016,265000.0,17652934,63,"POLYGON ((-1.925627372030253 54.41755937580203, -2.033585068210713 54.37013129969669, -2.007867968420598 54.28636103102831, -1.874614461012176 54.25005342719091, -1.766888584551729 54.29742311461225, -1.792184356410964 54.38115859640333, -1.925627372030253 54.41755937580203))"
389,851955a7fffffff,352917.2413793103,260000.0,10234600,29,"POLYGON ((-1.766888584551729 54.29742311461225, -1.874614461012176 54.25005342719091, -1.84923554621321 54.16620111088803, -1.716549860184048 54.12975411380569, -1.609056556450131 54.17706614785891, -1.634016335262682 54.2608826358837, -1.766888584551729 54.29742311461225))"
390,851955abfffffff,256729.63888888888,217500.0,9242267,36,"POLYGON ((-2.167408675867842 54.40629726857089, -2.275322510032368 54.35859983146651, -2.24918384448471 54.27479589990647, -2.115552858338524 54.2387228694372, -2.007867968420598 54.28636103102831, -2.033585068210713 54.37013129969669, -2.167408675867842 54.40629726857089))"
391,851955affffffff,257970.58823529413,253000.0,4385500,17,"POLYGON ((-2.007867968420598 54.28636103102831, -2.115552858338524 54.2387228694372, -2.089754542015162 54.15483584359863, -1.956690693882473 54.11862149162413, -1.84923554621321 54.16620111088803, -1.874614461012176 54.25005342719091, -2.007867968420598 54.28636103102831))"
392,851955b3fffffff,371612.7846153846,270000.0,24154831,65,"POLYGON ((-1.843030793119116 54.54842988051593, -1.951262203928975 54.50121234980324, -1.925627372030253 54.41755937580203, -1.792184356410964 54.38115859640333, -1.684186860438667 54.42831789046974, -1.709398429999986 54.5119360015371, -1.843030793119116 54.54842988051593))"
393,851955b7fffffff,204780.52380952382,175000.0,64505865,315,"POLYGON ((-1.684186860438667 54.42831789046974, -1.792184356410964 54.38115859640333, -1.766888584551729 54.29742311461225, -1.634016335262682 54.2608826358837, -1.526253497043975 54.30798443552778, -1.551128223751166 54.39168401096838, -1.684186860438667 54.42831789046974))"
395,851955c3fffffff,246407.28301886792,260000.0,13059586,53,"POLYGON ((-2.814760969083503 54.88373007496337, -2.923581874311727 54.83578811164402, -2.896051004070821 54.75233174627169, -2.760129325002233 54.71684654302237, -2.651533807384919 54.76472625216851, -2.678634491979869 54.84815321340983, -2.814760969083503 54.88373007496337))"
396,851955c7fffffff,245897.728,237000.0,30737216,125,"POLYGON ((-2.651533807384919 54.76472625216851, -2.760129325002233 54.71684654302237, -2.732951165976623 54.6333010022224, -2.597605446890615 54.59766544639891, -2.489236262081305 54.64548365273509, -2.515986383866032 54.72899871395929, -2.651533807384919 54.76472625216851))"
397,851955cbfffffff,284330.8253968254,195000.0,35825684,126,"POLYGON ((-3.060081673813845 54.87112068665159, -3.1688425325305 54.8229053118819, -3.140881404434873 54.73942069050105, -3.004589572700867 54.70417949399314, -2.896051004070821 54.75233174627169, -2.923581874311727 54.83578811164402, -3.060081673813845 54.87112068665159))"
398,851955cffffffff,232433.14594594596,180000.0,43000132,185,"POLYGON ((-2.896051004070821 54.75233174627169, -3.004589572700867 54.70417949399314, -2.97698327306325 54.62060461689973, -2.841266452355294 54.58521112402097, -2.732951165976623 54.6333010022224, -2.760129325002233 54.71684654302237, -2.896051004070821 54.75233174627169))"
399,851955d3fffffff,265861.05494505493,195000.0,24193356,91,"POLYGON ((-2.733111119999666 55.01479863147294, -2.842215360430873 54.9670674162349, -2.814760969083503 54.88373007496337, -2.678634491979869 54.84815321340983, -2.569757763184571 54.89582229271459, -2.59677991449359 54.97913016320479, -2.733111119999666 55.01479863147294))"
400,851955d7fffffff,190453.0625,168249.5,3047249,16,"POLYGON ((-2.569757763184571 54.89582229271459, -2.678634491979869 54.84815321340983, -2.651533807384919 54.76472625216851, -2.515986383866032 54.72899871395929, -2.407338102986067 54.7766064158924, -2.434008721945183 54.86000282870409, -2.569757763184571 54.89582229271459))"
401,851955dbfffffff,161545.94696969696,133000.0,149268455,924,"POLYGON ((-2.978923084814082 55.00249132266056, -3.087968393958939 54.95448634950422, -3.060081673813845 54.87112068665159, -2.923581874311727 54.83578811164402, -2.814760969083503 54.88373007496337, -2.842215360430873 54.9670674162349, -2.978923084814082 55.00249132266056))"
402,85195803fffffff,255508.39338235295,240000.0,69498283,272,"POLYGON ((-2.577518720293806 51.79678980750114, -2.680412252414197 51.74630123777067, -2.654794719194839 51.66044693802323, -2.526667749750711 51.62511837685962, -2.423978175867108 51.6755483679805, -2.449211548800023 51.76136532019098, -2.577518720293806 51.79678980750114))"
403,85195807fffffff,318684.1921005386,283000.0,177507095,557,"POLYGON ((-2.423978175867108 51.6755483679805, -2.526667749750711 51.62511837685962, -2.501363452727229 51.53919653893509, -2.373751846776432 51.50374283998741, -2.271266991829771 51.55411486177048, -2.296188967012728 51.63999837461866, -2.423978175867108 51.6755483679805))"
404,8519580bfffffff,370904.2295081967,345000.0,22625158,61,"POLYGON ((-2.809056452241272 51.78150249195495, -2.911900156836797 51.73075361980493, -2.88589836242785 51.64486306779833, -2.757437049465353 51.60975746083884, -2.654794719194839 51.66044693802323, -2.680412252414197 51.74630123777067, -2.809056452241272 51.78150249195495))"
405,8519580ffffffff,310090.08442982455,262000.0,282802157,912,"POLYGON ((-2.654794719194839 51.66044693802323, -2.757437049465353 51.60975746083884, -2.7317503053243 51.52379838846895, -2.603803610513841 51.48856584980273, -2.501363452727229 51.53919653893509, -2.526667749750711 51.62511837685962, -2.654794719194839 51.66044693802323))"
406,85195813fffffff,280747.4733096085,234000.0,78890040,281,"POLYGON ((-2.499920586238356 51.93282571281687, -2.603066148760565 51.88253864339877, -2.577518720293806 51.79678980750114, -2.449211548800023 51.76136532019098, -2.346271745098069 51.81159401851261, -2.371433292861586 51.89730539579502, -2.499920586238356 51.93282571281687))"
407,85195817fffffff,314144.92409240926,252497.5,190371824,606,"POLYGON ((-2.346271745098069 51.81159401851261, -2.449211548800023 51.76136532019098, -2.423978175867108 51.6755483679805, -2.296188967012728 51.63999837461866, -2.193455675386837 51.69016931766619, -2.218305026864082 51.77594783138261, -2.346271745098069 51.81159401851261))"
408,8519581bfffffff,334075.4105691057,247250.0,82182551,246,"POLYGON ((-2.731893176498966 51.91783545266441, -2.834989875809002 51.86728769081595, -2.809056452241272 51.78150249195495, -2.680412252414197 51.74630123777067, -2.577518720293806 51.79678980750114, -2.603066148760565 51.88253864339877, -2.731893176498966 51.91783545266441))"
409,85195823fffffff,427590.99916597165,318000.0,512681608,1199,"POLYGON ((-2.348758147463339 51.41775502332578, -2.450995364799244 51.36718251951229, -2.4259308324712 51.28109110247647, -2.299007838125716 51.24561119198201, -2.196974299528174 51.296126108956, -2.221660023831805 51.38217834824435, -2.348758147463339 51.41775502332578))"
410,85195827fffffff,271306.3685258964,242250.0,136195797,502,"POLYGON ((-2.196974299528174 51.296126108956, -2.299007838125716 51.24561119198201, -2.274250498247831 51.15945594400088, -2.147836558026642 51.1238555782304, -2.046007407283458 51.17431350251979, -2.070387763384266 51.26042861171404, -2.196974299528174 51.296126108956))"
411,8519582bfffffff,313835.9147121535,270000.0,147189044,469,"POLYGON ((-2.578429281935469 51.40253982351997, -2.680620836379811 51.35170903942466, -2.655177360314688 51.26557953029522, -2.527921210409471 51.23031872161345, -2.4259308324712 51.28109110247647, -2.450995364799244 51.36718251951229, -2.578429281935469 51.40253982351997))"
412,8519582ffffffff,343873.0,275000.0,137549200,400,"POLYGON ((-2.4259308324712 51.28109110247647, -2.527921210409471 51.23031872161345, -2.502786727795296 51.14412441577684, -2.376038954151443 51.10874137436085, -2.274250498247831 51.15945594400088, -2.299007838125716 51.24561119198201, -2.4259308324712 51.28109110247647))"
413,85195833fffffff,334583.0048543689,291600.0,137848198,412,"POLYGON ((-2.271266991829771 51.55411486177048, -2.373751846776432 51.50374283998741, -2.348758147463339 51.41775502332578, -2.221660023831805 51.38217834824435, -2.119380618694355 51.43249300565137, -2.143993837850648 51.51844152676978, -2.271266991829771 51.55411486177048))"
414,85195837fffffff,299914.3788300836,260000.0,215338524,718,"POLYGON ((-2.119380618694355 51.43249300565137, -2.221660023831805 51.38217834824435, -2.196974299528174 51.296126108956, -2.070387763384266 51.26042861171404, -1.96831450961393 51.31068650532574, -1.992621598298408 51.39669848571348, -2.119380618694355 51.43249300565137))"
415,8519583bfffffff,313058.20594125503,270000.0,937922385,2996,"POLYGON ((-2.501363452727229 51.53919653893509, -2.603803610513841 51.48856584980273, -2.578429281935469 51.40253982351997, -2.450995364799244 51.36718251951229, -2.348758147463339 51.41775502332578, -2.373751846776432 51.50374283998741, -2.501363452727229 51.53919653893509))"
416,85195843fffffff,124325.6873857404,98000.0,68006151,547,"POLYGON ((-3.196693417923629 51.8863957983701, -3.299681624877204 51.8353253984104, -3.272976021792241 51.74947077726249, -3.143668226341269 51.71472053386108, -3.040877913388131 51.76573012131749, -3.067197408036058 51.85155058328126, -3.196693417923629 51.8863957983701))"
417,85195847fffffff,177876.9275229358,157000.0,193885851,1090,"POLYGON ((-3.040877913388131 51.76573012131749, -3.143668226341269 51.71472053386108, -3.117282107976374 51.62879482904547, -2.988489914672093 51.59391368449318, -2.88589836242785 51.64486306779833, -2.911900156836797 51.73075361980493, -3.040877913388131 51.76573012131749))"
418,8519584bfffffff,129519.7275,105000.0,51807891,400,"POLYGON ((-3.429506789436962 51.86994255555724, -3.532435352348031 51.81861024674211, -3.505343642283584 51.73272257423428, -3.375709371487955 51.69820007993203, -3.272976021792241 51.74947077726249, -3.299681624877204 51.8353253984104, -3.429506789436962 51.86994255555724))"
419,8519584ffffffff,144557.6918189039,124000.0,181998134,1259,"POLYGON ((-3.272976021792241 51.74947077726249, -3.375709371487955 51.69820007993203, -3.348938904735245 51.61224032577989, -3.219819339903363 51.57758513769151, -3.117282107976374 51.62879482904547, -3.143668226341269 51.71472053386108, -3.272976021792241 51.74947077726249))"
421,85195857fffffff,273756.2289156627,249995.0,45443534,166,"POLYGON ((-2.964153157984356 51.90235946141544, -3.067197408036058 51.85155058328126, -3.040877913388131 51.76573012131749, -2.911900156836797 51.73075361980493, -2.809056452241272 51.78150249195495, -2.834989875809002 51.86728769081595, -2.964153157984356 51.90235946141544))"
422,8519585bfffffff,217677.14814814815,196000.0,17631849,81,"POLYGON ((-3.353349334532983 52.00685633803636, -3.456534537191969 51.95572451333033, -3.429506789436962 51.86994255555724, -3.299681624877204 51.8353253984104, -3.196693417923629 51.8863957983701, -3.223333277912496 51.9721445974439, -3.353349334532983 52.00685633803636))"
423,85195863fffffff,266210.9197530864,229250.0,172504676,648,"POLYGON ((-2.962420635789702 51.50791847259313, -3.064760876806325 51.45676918554352, -3.038624991267056 51.37067001521426, -2.91052959929702 51.33575597884504, -2.808387191435795 51.38684545934636, -2.834142261216163 51.47290860493445, -2.962420635789702 51.50791847259313))"
424,85195867fffffff,340567.6765578635,295000.0,114771307,337,"POLYGON ((-2.808387191435795 51.38684545934636, -2.91052959929702 51.33575597884504, -2.884707080687553 51.24958946763361, -2.7571211231617 51.21454926257977, -2.655177360314688 51.26557953029522, -2.680620836379811 51.35170903942466, -2.808387191435795 51.38684545934636))"
425,8519586bfffffff,233888.07432897453,185000.0,339839372,1453,"POLYGON ((-3.193367476512065 51.49155488531305, -3.295652482086593 51.44014570376906, -3.269135743808337 51.35401160736396, -3.140714760899447 51.31932144012872, -3.038624991267056 51.37067001521426, -3.064760876806325 51.45676918554352, -3.193367476512065 51.49155488531305))"
426,8519586ffffffff,239826.58858858858,205000.0,159724508,666,"POLYGON ((-3.038624991267056 51.37067001521426, -3.140714760899447 51.31932144012872, -3.114513138046002 51.23311902105979, -2.98660076570143 51.19830090786122, -2.884707080687553 51.24958946763361, -2.91052959929702 51.33575597884504, -3.038624991267056 51.37067001521426))"
427,85195873fffffff,212145.70363951474,180000.0,122408071,577,"POLYGON ((-2.88589836242785 51.64486306779833, -2.988489914672093 51.59391368449318, -2.962420635789702 51.50791847259313, -2.834142261216163 51.47290860493445, -2.7317503053243 51.52379838846895, -2.757437049465353 51.60975746083884, -2.88589836242785 51.64486306779833))"
428,85195877fffffff,399731.2169866201,311000.0,687137962,1719,"POLYGON ((-2.7317503053243 51.52379838846895, -2.834142261216163 51.47290860493445, -2.808387191435795 51.38684545934636, -2.680620836379811 51.35170903942466, -2.578429281935469 51.40253982351997, -2.603803610513841 51.48856584980273, -2.7317503053243 51.52379838846895))"
429,8519587bfffffff,234356.7212746858,197250.0,522146775,2228,"POLYGON ((-3.117282107976374 51.62879482904547, -3.219819339903363 51.57758513769151, -3.193367476512065 51.49155488531305, -3.064760876806325 51.45676918554352, -2.962420635789702 51.50791847259313, -2.988489914672093 51.59391368449318, -3.117282107976374 51.62879482904547))"
430,85195883fffffff,332554.16964285716,281250.0,148984268,448,"POLYGON ((-2.189888549445557 52.08276169725367, -2.293331257593532 52.03293733602293, -2.268242444697335 51.94733221475622, -2.140098318340828 51.91158993460455, -2.036865752953459 51.96135696299979, -2.061567124078332 52.04692342490811, -2.189888549445557 52.08276169725367))"
431,85195887fffffff,367660.70851246774,278000.0,427589404,1163,"POLYGON ((-2.036865752953459 51.96135696299979, -2.140098318340828 51.91158993460455, -2.115322498679671 51.82591710723165, -1.987699611501091 51.79005076700052, -1.884677896426416 51.83976108703744, -1.90906817856244 51.92539427771086, -2.036865752953459 51.96135696299979))"
432,8519588bfffffff,301277.9521276596,245000.0,56640255,188,"POLYGON ((-2.421998584982806 52.06855338625694, -2.525397007496001 52.01846840179932, -2.499920586238356 51.93282571281687, -2.371433292861586 51.89730539579502, -2.268242444697335 51.94733221475622, -2.293331257593532 52.03293733602293, -2.421998584982806 52.06855338625694))"
433,8519588ffffffff,243489.77879656162,218000.0,424889664,1745,"POLYGON ((-2.268242444697335 51.94733221475622, -2.371433292861586 51.89730539579502, -2.346271745098069 51.81159401851261, -2.218305026864082 51.77594783138261, -2.115322498679671 51.82591710723165, -2.140098318340828 51.91158993460455, -2.268242444697335 51.94733221475622))"
434,85195893fffffff,311384.54822335026,278747.5,122685512,394,"POLYGON ((-2.111208324596382 52.21788122281217, -2.214903709080873 52.16825988952684, -2.189888549445557 52.08276169725367, -2.061567124078332 52.04692342490811, -1.958083720125086 52.09648763376625, -1.982709717308258 52.18194705916281, -2.111208324596382 52.21788122281217))"
435,85195897fffffff,361074.61031518626,270000.0,126015039,349,"POLYGON ((-1.958083720125086 52.09648763376625, -2.061567124078332 52.04692342490811, -2.036865752953459 51.96135696299979, -1.90906817856244 51.92539427771086, -1.805797454551792 51.97490199314513, -1.830111588741902 52.06042870859474, -1.958083720125086 52.09648763376625))"
436,8519589bfffffff,302549.71329879103,260000.0,175176284,579,"POLYGON ((-2.343750974785648 52.20397157642808, -2.447403087871626 52.15408925340471, -2.421998584982806 52.06855338625694, -2.293331257593532 52.03293733602293, -2.189888549445557 52.08276169725367, -2.214903709080873 52.16825988952684, -2.343750974785648 52.20397157642808))"
437,851958a3fffffff,328515.47360248445,282250.0,211563965,644,"POLYGON ((-1.96323410494155 51.70431177826821, -2.066007597638872 51.65439942757011, -2.041467781580499 51.56855532599906, -1.914536396267991 51.53266389233303, -1.811972624967224 51.58251993134691, -1.836130481830797 51.66832354001413, -1.96323410494155 51.70431177826821))"
438,851958a7fffffff,242502.68735083533,208000.0,304825878,1257,"POLYGON ((-1.811972624967224 51.58251993134691, -1.914536396267991 51.53266389233303, -1.89030347120734 51.44675574814271, -1.763886817508016 51.41074492242934, -1.661533424435819 51.46054525866226, -1.68538627818503 51.54641194921835, -1.811972624967224 51.58251993134691))"
439,851958abfffffff,380018.2970711297,330000.0,90824373,239,"POLYGON ((-2.193455675386837 51.69016931766619, -2.296188967012728 51.63999837461866, -2.271266991829771 51.55411486177048, -2.143993837850648 51.51844152676978, -2.041467781580499 51.56855532599906, -2.066007597638872 51.65439942757011, -2.193455675386837 51.69016931766619))"
440,851958affffffff,289549.7961672474,254747.5,166201583,574,"POLYGON ((-2.041467781580499 51.56855532599906, -2.143993837850648 51.51844152676978, -2.119380618694355 51.43249300565137, -1.992621598298408 51.39669848571348, -1.89030347120734 51.44675574814271, -1.914536396267991 51.53266389233303, -2.041467781580499 51.56855532599906))"
441,851958b3fffffff,438758.07692307694,322500.0,68446260,156,"POLYGON ((-1.884677896426416 51.83976108703744, -1.987699611501091 51.79005076700052, -1.96323410494155 51.70431177826821, -1.836130481830797 51.66832354001413, -1.73332029488248 51.71797777161844, -1.757402170538018 51.80367615348803, -1.884677896426416 51.83976108703744))"
442,851958b7fffffff,293160.2251256281,247000.0,291694424,995,"POLYGON ((-1.73332029488248 51.71797777161844, -1.836130481830797 51.66832354001413, -1.811972624967224 51.58251993134691, -1.68538627818503 51.54641194921835, -1.582788267964706 51.59601070769529, -1.60656440254101 51.6817727465481, -1.73332029488248 51.71797777161844))"
443,851958bbfffffff,420044.59523809527,330000.0,123493111,294,"POLYGON ((-2.115322498679671 51.82591710723165, -2.218305026864082 51.77594783138261, -2.193455675386837 51.69016931766619, -2.066007597638872 51.65439942757011, -1.96323410494155 51.70431177826821, -1.987699611501091 51.79005076700052, -2.115322498679671 51.82591710723165))"
444,851958c3fffffff,241916.94389901822,214000.0,172486781,713,"POLYGON ((-2.80973497569726 52.17469516459038, -2.913289673556379 52.12428948841679, -2.887106097013523 52.03868156510701, -2.757757334228502 52.00351461332514, -2.654406796643211 52.05386067395494, -2.680200784829688 52.1394331195425, -2.80973497569726 52.17469516459038))"
445,851958c7fffffff,296209.2894736842,256500.0,56279765,190,"POLYGON ((-2.654406796643211 52.05386067395494, -2.757757334228502 52.00351461332514, -2.731893176498966 51.91783545266441, -2.603066148760565 51.88253864339877, -2.499920586238356 51.93282571281687, -2.525397007496001 52.01846840179932, -2.654406796643211 52.05386067395494))"
446,851958cbfffffff,328063.796875,289000.0,20996083,64,"POLYGON ((-3.043162034729241 52.1593243959653, -3.146662571262545 52.10865639279091, -3.120089342506553 52.02301409660756, -2.990405141594783 51.98807399347139, -2.887106097013523 52.03868156510701, -2.913289673556379 52.12428948841679, -3.043162034729241 52.1593243959653))"
447,851958cffffffff,296354.25531914894,256000.0,13928650,47,"POLYGON ((-2.887106097013523 52.03868156510701, -2.990405141594783 51.98807399347139, -2.964153157984356 51.90235946141544, -2.834989875809002 51.86728769081595, -2.731893176498966 51.91783545266441, -2.757757334228502 52.00351461332514, -2.887106097013523 52.03868156510701))"
448,851958d3fffffff,253175.0292397661,201250.0,43292930,171,"POLYGON ((-2.732038029192461 52.31039900844115, -2.835849240352724 52.26019580851666, -2.80973497569726 52.17469516459038, -2.680200784829688 52.1394331195425, -2.57659556425369 52.18957689623021, -2.602318470405376 52.27504195803638, -2.732038029192461 52.31039900844115))"
449,851958d7fffffff,326987.5054945055,287000.0,29755863,91,"POLYGON ((-2.57659556425369 52.18957689623021, -2.680200784829688 52.1394331195425, -2.654406796643211 52.05386067395494, -2.525397007496001 52.01846840179932, -2.421998584982806 52.06855338625694, -2.447403087871626 52.15408925340471, -2.57659556425369 52.18957689623021))"
450,851958dbfffffff,282431.9069767442,250000.0,36433716,129,"POLYGON ((-2.965909723550612 52.29532543686677, -3.069667735326142 52.24485951667906, -3.043162034729241 52.1593243959653, -2.913289673556379 52.12428948841679, -2.80973497569726 52.17469516459038, -2.835849240352724 52.26019580851666, -2.965909723550612 52.29532543686677))"
451,85195903fffffff,305515.87103174604,250000.0,307959998,1008,"POLYGON ((-1.519992352788478 50.94419602605318, -1.62144322866236 50.89410486516805, -1.597963496766375 50.80781042778545, -1.473404110330589 50.77165102360164, -1.372161908995078 50.82168777786739, -1.395270404610191 50.90793817470843, -1.519992352788478 50.94419602605318))"
452,85195907fffffff,318423.07692307694,313500.0,16558000,52,"POLYGON ((-1.372161908995078 50.82168777786739, -1.473404110330589 50.77165102360164, -1.450219480295044 50.68529989210141, -1.326162023375279 50.64903031601045, -1.225129059078531 50.69901324135018, -1.247944306206676 50.78531940500812, -1.372161908995078 50.82168777786739))"
453,8519590bfffffff,459974.01960784313,372500.0,93834700,204,"POLYGON ((-1.746506498774614 50.93015198375482, -1.847924860641609 50.87980628000776, -1.824073632066574 50.79346886359797, -1.699175513464547 50.75751996087794, -1.597963496766375 50.80781042778545, -1.62144322866236 50.89410486516805, -1.746506498774614 50.93015198375482))"
454,85195913fffffff,317568.7550420168,272750.0,755813637,2380,"POLYGON ((-1.441706176742335 51.08028037353338, -1.543396640240059 51.03038912478927, -1.519992352788478 50.94419602605318, -1.395270404610191 50.90793817470843, -1.293790361221745 50.95777526900845, -1.316821834289753 51.04392420021549, -1.441706176742335 51.08028037353338))"
455,85195917fffffff,321220.5072133637,269975.0,846094816,2634,"POLYGON ((-1.293790361221745 50.95777526900845, -1.395270404610191 50.90793817470843, -1.372161908995078 50.82168777786739, -1.247944306206676 50.78531940500812, -1.146675237070181 50.83510292870929, -1.169412791364055 50.9213082285312, -1.293790361221745 50.95777526900845))"
456,8519591bfffffff,557419.5578231292,510000.0,81940675,147,"POLYGON ((-1.668624913723663 51.06653433835532, -1.77028387480758 51.01638818845673, -1.746506498774614 50.93015198375482, -1.62144322866236 50.89410486516805, -1.519992352788478 50.94419602605318, -1.543396640240059 51.03038912478927, -1.668624913723663 51.06653433835532))"
457,85195943fffffff,414043.89705882355,286000.0,28154985,68,"POLYGON ((-2.12338382242263 51.03763805569843, -2.224969639791391 50.98698070954021, -2.200445404373932 50.90066149722855, -2.074708841573774 50.86504042784384, -1.97332635070809 50.91564113392504, -1.997477054486296 51.001919378088, -2.12338382242263 51.03763805569843))"
458,85195947fffffff,410713.6442577031,360000.0,146624771,357,"POLYGON ((-1.97332635070809 50.91564113392504, -2.074708841573774 50.86504042784384, -2.05048589072248 50.77866109882643, -1.925252136501648 50.74292421859128, -1.824073632066574 50.79346886359797, -1.847924860641609 50.87980628000776, -1.97332635070809 50.91564113392504))"
459,8519594bfffffff,349943.21238938055,295000.0,39543583,113,"POLYGON ((-2.351210879967471 51.0224838352761, -2.452755036232259 50.97157022819313, -2.427857100777336 50.8852111237168, -2.301788657335505 50.84980534634569, -2.200445404373932 50.90066149722855, -2.224969639791391 50.98698070954021, -2.351210879967471 51.0224838352761))"
460,8519594ffffffff,283964.7207207207,263000.0,31520084,111,"POLYGON ((-2.200445404373932 50.90066149722855, -2.301788657335505 50.84980534634569, -2.277193793641497 50.76338517591184, -2.151627545061574 50.72786182708349, -2.05048589072248 50.77866109882643, -2.074708841573774 50.86504042784384, -2.200445404373932 50.90066149722855))"
461,85195953fffffff,451607.625,379000.0,32515749,72,"POLYGON ((-2.046007407283458 51.17431350251979, -2.147836558026642 51.1238555782304, -2.12338382242263 51.03763805569843, -1.997477054486296 51.001919378088, -1.895852972044061 51.05232089945477, -1.919930550751962 51.13849732928368, -2.046007407283458 51.17431350251979))"
462,85195957fffffff,358512.1777777778,321000.0,48399144,135,"POLYGON ((-1.895852972044061 51.05232089945477, -1.997477054486296 51.001919378088, -1.97332635070809 50.91564113392504, -1.847924860641609 50.87980628000776, -1.746506498774614 50.93015198375482, -1.77028387480758 51.01638818845673, -1.895852972044061 51.05232089945477))"
463,8519595bfffffff,338761.9791666667,262500.0,65042300,192,"POLYGON ((-2.274250498247831 51.15945594400088, -2.376038954151443 51.10874137436085, -2.351210879967471 51.0224838352761, -2.224969639791391 50.98698070954021, -2.12338382242263 51.03763805569843, -2.147836558026642 51.1238555782304, -2.274250498247831 51.15945594400088))"
464,85195983fffffff,517636.5585585586,439995.0,114915316,222,"POLYGON ((-1.136098915396784 51.22904376121591, -1.238056788171675 51.17960777748152, -1.215103233804287 51.09356103490692, -1.090565883535696 51.0569954563132, -0.9888225000963796 51.10637838063719, -1.011401979348446 51.19237977433791, -1.136098915396784 51.22904376121591))"
465,85195987fffffff,472348.97222222225,421500.0,136036504,288,"POLYGON ((-0.9888225000963796 51.10637838063719, -1.090565883535696 51.0569954563132, -1.067906915864959 50.97089174912479, -0.9438767347859124 50.93421707452001, -0.8423483509129407 50.98354753068278, -0.86463515670628 51.06960496256643, -0.9888225000963796 51.10637838063719))"
466,8519598bfffffff,589249.8070175438,492000.0,302285151,513,"POLYGON ((-1.363103349581479 51.2160621472692, -1.46503412944339 51.16637140847241, -1.441706176742335 51.08028037353338, -1.316821834289753 51.04392420021549, -1.215103233804287 51.09356103490692, -1.238056788171675 51.17960777748152, -1.363103349581479 51.2160621472692))"
467,8519598ffffffff,485044.21461187216,355000.0,106224683,219,"POLYGON ((-1.215103233804287 51.09356103490692, -1.316821834289753 51.04392420021549, -1.293790361221745 50.95777526900845, -1.169412791364055 50.9213082285312, -1.067906915864959 50.97089174912479, -1.090565883535696 51.0569954563132, -1.215103233804287 51.09356103490692))"
468,85195993fffffff,321944.0651056539,273000.0,563724058,1751,"POLYGON ((-1.056775786461007 51.36422214981745, -1.1589736468172 51.31498760012552, -1.136098915396784 51.22904376121591, -1.011401979348446 51.19237977433791, -0.9094203863858598 51.24156151750651, -0.9319194673521535 51.32745988479783, -1.056775786461007 51.36422214981745))"
469,85195997fffffff,462652.9268292683,380000.0,379375400,820,"POLYGON ((-0.9094203863858598 51.24156151750651, -1.011401979348446 51.19237977433791, -0.9888225000963796 51.10637838063719, -0.86463515670628 51.06960496256643, -0.7628703323722804 51.11873449658457, -0.7850760944822384 51.20468949014294, -0.9094203863858598 51.24156151750651))"
470,8519599bfffffff,415836.1930501931,372500.0,107701574,259,"POLYGON ((-1.284182243903205 51.3515400405845, -1.386354069114258 51.30205040126001, -1.363103349581479 51.2160621472692, -1.238056788171675 51.17960777748152, -1.136098915396784 51.22904376121591, -1.1589736468172 51.31498760012552, -1.284182243903205 51.3515400405845))"
471,851959a3fffffff,775616.914893617,375000.0,36453995,47,"POLYGON ((-0.921509792541089 50.84805792302832, -1.022802424006473 50.79852713139788, -1.000356244557907 50.71226698692566, -0.876986163179601 50.6755845345162, -0.7759072687182568 50.72506317739023, -0.7979847295550638 50.81127625659041, -0.921509792541089 50.84805792302832))"
472,851959abfffffff,220643.38687782804,187000.0,195048754,884,"POLYGON ((-1.146675237070181 50.83510292870929, -1.247944306206676 50.78531940500812, -1.225129059078531 50.69901324135018, -1.101413811755119 50.66253645479342, -1.000356244557907 50.71226698692566, -1.022802424006473 50.79852713139788, -1.146675237070181 50.83510292870929))"
473,851959b3fffffff,434887.67615658365,341250.0,244406874,562,"POLYGON ((-0.8423483509129407 50.98354753068278, -0.9438767347859124 50.93421707452001, -0.921509792541089 50.84805792302832, -0.7979847295550638 50.81127625659041, -0.6966718293013128 50.86055483085538, -0.7186685228238182 50.94666678799982, -0.8423483509129407 50.98354753068278))"
474,851959b7fffffff,309083.48954703833,280000.0,177413923,574,"POLYGON ((-0.6966718293013128 50.86055483085538, -0.7979847295550638 50.81127625659041, -0.7759072687182568 50.72506317739023, -0.6528852641206742 50.68817661456984, -0.5517883058459964 50.73740388816192, -0.5734974307177894 50.82356886138601, -0.6966718293013128 50.86055483085538))"
475,851959bbfffffff,307187.0033492823,262997.5,642020837,2090,"POLYGON ((-1.067906915864959 50.97089174912479, -1.169412791364055 50.9213082285312, -1.146675237070181 50.83510292870929, -1.022802424006473 50.79852713139788, -0.921509792541089 50.84805792302832, -0.9438767347859124 50.93421707452001, -1.067906915864959 50.97089174912479))"
476,851959c3fffffff,269396.4449541284,239225.0,58728425,218,"POLYGON ((-1.739958155568489 51.32477427745349, -1.842067688599289 51.27477294931256, -1.818064121100566 51.1886990552312, -1.692327552960763 51.15266860403857, -1.590427250437886 51.20261459583011, -1.614054260497343 51.28864620321671, -1.739958155568489 51.32477427745349))"
477,851959c7fffffff,560049.8,400000.0,47604233,85,"POLYGON ((-1.590427250437886 51.20261459583011, -1.692327552960763 51.15266860403857, -1.668624913723663 51.06653433835532, -1.543396640240059 51.03038912478927, -1.441706176742335 51.08028037353338, -1.46503412944339 51.16637140847241, -1.590427250437886 51.20261459583011))"
478,851959cbfffffff,336330.30303030304,277500.0,22197800,66,"POLYGON ((-1.96831450961393 51.31068650532574, -2.070387763384266 51.26042861171404, -2.046007407283458 51.17431350251979, -1.919930550751962 51.13849732928368, -1.818064121100566 51.1886990552312, -1.842067688599289 51.27477294931256, -1.96831450961393 51.31068650532574))"
479,851959cffffffff,301629.49019607843,284151.0,261512768,867,"POLYGON ((-1.818064121100566 51.1886990552312, -1.919930550751962 51.13849732928368, -1.895852972044061 51.05232089945477, -1.77028387480758 51.01638818845673, -1.668624913723663 51.06653433835532, -1.692327552960763 51.15266860403857, -1.818064121100566 51.1886990552312))"
480,851959d3fffffff,456818.6756756757,371497.5,67609164,148,"POLYGON ((-1.661533424435819 51.46054525866226, -1.763886817508016 51.41074492242934, -1.739958155568489 51.32477427745349, -1.614054260497343 51.28864620321671, -1.511911873922823 51.33839144094197, -1.535462354226547 51.42431967877565, -1.661533424435819 51.46054525866226))"
481,851959d7fffffff,319719.86590038316,272500.0,250340655,783,"POLYGON ((-1.511911873922823 51.33839144094197, -1.614054260497343 51.28864620321671, -1.590427250437886 51.20261459583011, -1.46503412944339 51.16637140847241, -1.363103349581479 51.2160621472692, -1.386354069114258 51.30205040126001, -1.511911873922823 51.33839144094197))"
482,851959dbfffffff,356584.0606060606,295000.0,70603644,198,"POLYGON ((-1.89030347120734 51.44675574814271, -1.992621598298408 51.39669848571348, -1.96831450961393 51.31068650532574, -1.842067688599289 51.27477294931256, -1.739958155568489 51.32477427745349, -1.763886817508016 51.41074492242934, -1.89030347120734 51.44675574814271))"
483,85195a03fffffff,266351.6746987952,219000.0,22107189,83,"POLYGON ((-4.203991451257297 51.67952645852616, -4.306461105872555 51.62720774906, -4.278153774200211 51.54112290738037, -4.147760706778428 51.50738619084204, -4.045476312957515 51.55964076439962, -4.073399585401186 51.64569600779222, -4.203991451257297 51.67952645852616))"
484,85195a13fffffff,143919.3774834437,132500.0,130390956,906,"POLYGON ((-4.129513118199016 51.81762677105358, -4.232241082740992 51.76550660143624, -4.203991451257297 51.67952645852616, -4.073399585401186 51.64569600779222, -3.970858619854151 51.69775221609744, -3.998722383358451 51.783702653003, -4.129513118199016 51.81762677105358))"
485,85195a17fffffff,178938.08626198082,145000.0,280038105,1565,"POLYGON ((-3.970858619854151 51.69775221609744, -4.073399585401186 51.64569600779222, -4.045476312957515 51.55964076439962, -3.915396135411943 51.52567226345522, -3.813043186852475 51.57766510635602, -3.840582269420374 51.66368963343582, -3.970858619854151 51.69775221609744))"
486,85195a1bfffffff,155896.09467455623,126000.0,26346440,169,"POLYGON ((-4.363346227279166 51.79919680285369, -4.466000086957671 51.74681336512914, -4.437364745889413 51.66080463810209, -4.306461105872555 51.62720774906, -4.203991451257297 51.67952645852616, -4.232241082740992 51.76550660143624, -4.363346227279166 51.79919680285369))"
487,85195a23fffffff,233002.42857142858,220000.0,14679153,63,"POLYGON ((-3.962235571372082 51.30112025246907, -4.064079735569634 51.24873168283286, -4.036361827347572 51.16239665366677, -3.907178604825961 51.12848150664934, -3.805520002148468 51.18080692483544, -3.832858934056867 51.26711046221156, -3.962235571372082 51.30112025246907))"
488,85195a27fffffff,313032.14285714284,252500.0,4382450,14,"POLYGON ((-3.805520002148468 51.18080692483544, -3.907178604825961 51.12848150664934, -3.879779981793505 51.04207579318618, -3.751099962197645 51.0080278034663, -3.649627885402723 51.06029064574157, -3.676649183905963 51.14666387564561, -3.805520002148468 51.18080692483544))"
489,85195a2bfffffff,233624.4906542056,199000.0,49995641,214,"POLYGON ((-4.193767739864568 51.28251180722064, -4.295541711397759 51.2298624279025, -4.267444953340611 51.14349702000106, -4.137952936533132 51.10981119042187, -4.036361827347572 51.16239665366677, -4.064079735569634 51.24873168283286, -4.193767739864568 51.28251180722064))"
490,85195a2ffffffff,263944.9550561798,234975.0,93964404,356,"POLYGON ((-4.036361827347572 51.16239665366677, -4.137952936533132 51.10981119042187, -4.110177089009285 51.02337410252889, -3.981187227848731 50.98955367382511, -3.879779981793505 51.04207579318618, -3.907178604825961 51.12848150664934, -4.036361827347572 51.16239665366677))"
491,85195a37fffffff,330197.9166666667,277500.0,7924750,24,"POLYGON ((-3.730948098679223 51.31923852780018, -3.832858934056867 51.26711046221156, -3.805520002148468 51.18080692483544, -3.676649183905963 51.14666387564561, -3.57492658226926 51.19872956235419, -3.601886449335036 51.28500049834821, -3.730948098679223 51.31923852780018))"
492,85195a43fffffff,217342.4980544747,185000.0,55857022,257,"POLYGON ((-4.831714504192614 51.76083933619572, -4.934209273554836 51.70792850680733, -4.904803146989805 51.62186598951899, -4.773287353977492 51.58874044821422, -4.67097112072529 51.64158504105467, -4.699991973390818 51.72762122719311, -4.831714504192614 51.76083933619572))"
493,85195a4bfffffff,153480.1198156682,125000.0,33305186,217,"POLYGON ((-5.066234695487872 51.74090847329129, -5.168644474435362 51.68773355972245, -5.138853351484172 51.60164584203814, -5.00703726390936 51.56875805347718, -4.904803146989805 51.62186598951899, -4.934209273554836 51.70792850680733, -5.066234695487872 51.74090847329129))"
494,85195a53fffffff,215821.85826771654,185000.0,27409376,127,"POLYGON ((-4.758311219715988 51.89950984639003, -4.861067605632378 51.84679677048858, -4.831714504192614 51.76083933619572, -4.699991973390818 51.72762122719311, -4.597415844490597 51.78026822470918, -4.626381820705576 51.8661992241911, -4.758311219715988 51.89950984639003))"
495,85195a57fffffff,215966.38095238095,219000.0,4535294,21,"POLYGON ((-4.597415844490597 51.78026822470918, -4.699991973390818 51.72762122719311, -4.67097112072529 51.64158504105467, -4.539759490842706 51.60822312731733, -4.437364745889413 51.66080463810209, -4.466000086957671 51.74681336512914, -4.597415844490597 51.78026822470918))"
496,85195a5bfffffff,188506.5391705069,164950.0,40905919,217,"POLYGON ((-4.99330251460907 51.8798688644427, -5.095974655253904 51.82689121091614, -5.066234695487872 51.74090847329129, -4.934209273554836 51.70792850680733, -4.831714504192614 51.76083933619572, -4.861067605632378 51.84679677048858, -4.99330251460907 51.8798688644427))"
497,85195a83fffffff,240031.25,251000.0,3840500,16,"POLYGON ((-3.820670496029859 51.97306239569368, -3.923727336392494 51.92140480085447, -3.895923936299744 51.83555986562755, -3.765451364242907 51.80140327227562, -3.662586052727697 51.85299785827524, -3.690001660340682 51.93881186264262, -3.820670496029859 51.97306239569368))"
498,85195a87fffffff,115790.18666666666,105000.0,17368528,150,"POLYGON ((-3.662586052727697 51.85299785827524, -3.765451364242907 51.80140327227562, -3.737973587651156 51.71548365998346, -3.608016450292795 51.6811903909734, -3.505343642283584 51.73272257423428, -3.532435352348031 51.81861024674211, -3.662586052727697 51.85299785827524))"
499,85195a8bfffffff,181332.9090909091,149950.0,29919930,165,"POLYGON ((-4.054717004216705 51.95542251939518, -4.15770420376182 51.90350151793363, -4.129513118199016 51.81762677105358, -3.998722383358451 51.783702653003, -3.895923936299744 51.83555986562755, -3.923727336392494 51.92140480085447, -4.054717004216705 51.95542251939518))"
500,85195a8ffffffff,153306.42431761787,139950.0,61782489,403,"POLYGON ((-3.895923936299744 51.83555986562755, -3.998722383358451 51.783702653003, -3.970858619854151 51.69775221609744, -3.840582269420374 51.66368963343582, -3.737973587651156 51.71548365998346, -3.765451364242907 51.80140327227562, -3.895923936299744 51.83555986562755))"
501,85195a93fffffff,176214.14285714287,145000.0,3700497,21,"POLYGON ((-3.745096522120611 52.11025850564928, -3.848412669551818 52.05880114241096, -3.820670496029859 51.97306239569368, -3.690001660340682 51.93881186264262, -3.586878820699133 51.99020639220417, -3.614231387633544 52.07591410383458, -3.745096522120611 52.11025850564928))"
502,85195a97fffffff,238062.5,237000.0,3809000,16,"POLYGON ((-3.586878820699133 51.99020639220417, -3.690001660340682 51.93881186264262, -3.662586052727697 51.85299785827524, -3.532435352348031 51.81861024674211, -3.429506789436962 51.86994255555724, -3.456534537191969 51.95572451333033, -3.586878820699133 51.99020639220417))"
503,85195a9bfffffff,316476.4705882353,322650.0,10760200,34,"POLYGON ((-3.979601327690685 52.09291239468784, -4.082848689452333 52.04119118138093, -4.054717004216705 51.95542251939518, -3.923727336392494 51.92140480085447, -3.820670496029859 51.97306239569368, -3.848412669551818 52.05880114241096, -3.979601327690685 52.09291239468784))"
504,85195aa3fffffff,201019.82135306555,165997.5,190164751,946,"POLYGON ((-3.580861649240852 51.59519769482759, -3.683279585512345 51.54346625507038, -3.656062556171936 51.4573692346872, -3.526810049872526 51.4230363042602, -3.424583807227636 51.47470575295313, -3.451418266847591 51.56076994277119, -3.580861649240852 51.59519769482759))"
505,85195aa7fffffff,249241.2756756757,221750.0,92219272,370,"POLYGON ((-3.424583807227636 51.47470575295313, -3.526810049872526 51.4230363042602, -3.499912459637793 51.3368683843967, -3.37116937626601 51.30240355765383, -3.269135743808337 51.35401160736396, -3.295652482086593 51.44014570376906, -3.424583807227636 51.47470575295313))"
506,85195aabfffffff,218392.63953488372,182500.0,56345301,258,"POLYGON ((-3.813043186852475 51.57766510635602, -3.915396135411943 51.52567226345522, -3.887796601255635 51.43954352306408, -3.758226502151103 51.40543916470313, -3.656062556171936 51.4573692346872, -3.683279585512345 51.54346625507038, -3.813043186852475 51.57766510635602))"
508,85195ab3fffffff,95465.5955165692,80000.0,97947701,1026,"POLYGON ((-3.505343642283584 51.73272257423428, -3.608016450292795 51.6811903909734, -3.580861649240852 51.59519769482759, -3.451418266847591 51.56076994277119, -3.348938904735245 51.61224032577989, -3.375709371487955 51.69820007993203, -3.505343642283584 51.73272257423428))"
509,85195ab7fffffff,228126.5366132723,190997.5,398765186,1748,"POLYGON ((-3.348938904735245 51.61224032577989, -3.451418266847591 51.56076994277119, -3.424583807227636 51.47470575295313, -3.295652482086593 51.44014570376906, -3.193367476512065 51.49155488531305, -3.219819339903363 51.57758513769151, -3.348938904735245 51.61224032577989))"
510,85195abbfffffff,122654.44362745098,107250.0,100086026,816,"POLYGON ((-3.737973587651156 51.71548365998346, -3.840582269420374 51.66368963343582, -3.813043186852475 51.57766510635602, -3.683279585512345 51.54346625507038, -3.580861649240852 51.59519769482759, -3.608016450292795 51.6811903909734, -3.737973587651156 51.71548365998346))"
511,85195ac3fffffff,218814.61904761905,195000.0,13785321,63,"POLYGON ((-4.449356332023973 52.05672299875719, -4.552455108410075 52.0044731055597, -4.523544844916162 51.91864798571095, -4.391924851521677 51.88510023886889, -4.289010938890144 51.93728496903713, -4.317532000864212 52.02308242312774, -4.449356332023973 52.05672299875719))"
512,85195ac7fffffff,194907.79166666666,169975.0,46777870,240,"POLYGON ((-4.289010938890144 51.93728496903713, -4.391924851521677 51.88510023886889, -4.363346227279166 51.79919680285369, -4.232241082740992 51.76550660143624, -4.129513118199016 51.81762677105358, -4.15770420376182 51.90350151793363, -4.289010938890144 51.93728496903713))"
513,85195acbfffffff,222366.1224489796,190000.0,10895940,49,"POLYGON ((-4.684591499925723 52.03787618657623, -4.787610469138753 51.98536150263083, -4.758311219715988 51.89950984639003, -4.626381820705576 51.8661992241911, -4.523544844916162 51.91864798571095, -4.552455108410075 52.0044731055597, -4.684591499925723 52.03787618657623))"
514,85195acffffffff,256831.0810810811,201500.0,19005500,74,"POLYGON ((-4.523544844916162 51.91864798571095, -4.626381820705576 51.8661992241911, -4.597415844490597 51.78026822470918, -4.466000086957671 51.74681336512914, -4.363346227279166 51.79919680285369, -4.391924851521677 51.88510023886889, -4.523544844916162 51.91864798571095))"
515,85195ad3fffffff,225540.8536585366,208500.0,18494350,82,"POLYGON ((-4.374848504674359 52.19449195530972, -4.47821003780135 52.14244155444936, -4.449356332023973 52.05672299875719, -4.317532000864212 52.02308242312774, -4.214357094750283 52.07506781957043, -4.242819740269852 52.1607586092412, -4.374848504674359 52.19449195530972))"
516,85195ad7fffffff,187685.7142857143,167500.0,5255200,28,"POLYGON ((-4.214357094750283 52.07506781957043, -4.317532000864212 52.02308242312774, -4.289010938890144 51.93728496903713, -4.15770420376182 51.90350151793363, -4.054717004216705 51.95542251939518, -4.082848689452333 52.04119118138093, -4.214357094750283 52.07506781957043))"
517,85195adbfffffff,226376.28472222222,187500.0,32598185,144,"POLYGON ((-4.610553539880698 52.17593704004786, -4.713836061736165 52.12362137819722, -4.684591499925723 52.03787618657623, -4.552455108410075 52.0044731055597, -4.449356332023973 52.05672299875719, -4.47821003780135 52.14244155444936, -4.610553539880698 52.17593704004786))"
518,85195b03fffffff,326454.54545454547,317500.0,7182000,22,"POLYGON ((-3.111781655663578 50.83601653472275, -3.212934110986708 50.78413452691162, -3.186850398367243 50.69756179337068, -3.059986465858766 50.66290740583049, -2.959025773596951 50.71472932760361, -2.984737165667837 50.80126554946906, -3.111781655663578 50.83601653472275))"
520,85195b13fffffff,289094.375,234975.0,92510200,320,"POLYGON ((-3.036402633475406 50.97417364697017, -3.137801343484215 50.92248881515233, -3.111781655663578 50.83601653472275, -2.984737165667837 50.80126554946906, -2.88353191786503 50.85289051656691, -2.909177615536742 50.93932615942541, -3.036402633475406 50.97417364697017))"
522,85195b1bfffffff,301250.72222222225,250000.0,43380104,144,"POLYGON ((-3.26534759370444 50.95711480689826, -3.366690974848191 50.90517214542122, -3.34029727252015 50.81866432069383, -3.212934110986708 50.78413452691162, -3.111781655663578 50.83601653472275, -3.137801343484215 50.92248881515233, -3.26534759370444 50.95711480689826))"
523,85195b43fffffff,278902.95070422534,225000.0,39604219,142,"POLYGON ((-3.72401806933844 50.92155301018779, -3.825240482807356 50.86909366586723, -3.798098824438933 50.78251804807336, -3.670108593087056 50.74843494465559, -3.569071950819224 50.80083207934993, -3.595839655541491 50.88737435113782, -3.72401806933844 50.92155301018779))"
525,85195b4bfffffff,241454.75384615385,198000.0,15694559,65,"POLYGON ((-3.953729742701045 50.90304651700967, -4.054886506355523 50.85032835634127, -4.027370979875902 50.76372049726491, -3.899072434360847 50.7298628636856, -3.798098824438933 50.78251804807336, -3.825240482807356 50.86909366586723, -3.953729742701045 50.90304651700967))"
526,85195b53fffffff,391282.2580645161,320000.0,12129750,31,"POLYGON ((-3.649627885402723 51.06029064574157, -3.751099962197645 51.0080278034663, -3.72401806933844 50.92155301018779, -3.595839655541491 50.88737435113782, -3.494555037968662 50.9395751895587, -3.521261264409596 51.02601651417172, -3.649627885402723 51.06029064574157))"
527,85195b57fffffff,238352.6992084433,220000.0,90335673,379,"POLYGON ((-3.494555037968662 50.9395751895587, -3.595839655541491 50.88737435113782, -3.569071950819224 50.80083207934993, -3.441393528066433 50.76652491763448, -3.34029727252015 50.81866432069383, -3.366690974848191 50.90517214542122, -3.494555037968662 50.9395751895587))"
528,85195b5bfffffff,291949.1210191083,272000.0,45836012,157,"POLYGON ((-3.879779981793505 51.04207579318618, -3.981187227848731 50.98955367382511, -3.953729742701045 50.90304651700967, -3.825240482807356 50.86909366586723, -3.72401806933844 50.92155301018779, -3.751099962197645 51.0080278034663, -3.879779981793505 51.04207579318618))"
529,85195b83fffffff,316029.5795795796,256995.0,105237850,333,"POLYGON ((-2.731609375285262 51.12831698428379, -2.83330615722814 51.07708785261756, -2.80772700489762 50.99075352701517, -2.680826595309631 50.95568600948182, -2.579327505165636 51.00685629623572, -2.604531063650097 51.09315277115367, -2.731609375285262 51.12831698428379))"
530,85195b87fffffff,256183.36697247706,210000.0,167543922,654,"POLYGON ((-2.579327505165636 51.00685629623572, -2.680826595309631 50.95568600948182, -2.655554827130778 50.86928809335852, -2.529157739624472 50.83409910276708, -2.427857100777336 50.8852111237168, -2.452755036232259 50.97157022819313, -2.579327505165636 51.00685629623572))"
531,85195b8bfffffff,317795.2116182573,285000.0,76588646,241,"POLYGON ((-2.960711666676957 51.11203174682421, -3.062357452821605 51.06054473382112, -3.036402633475406 50.97417364697017, -2.909177615536742 50.93932615942541, -2.80772700489762 50.99075352701517, -2.83330615722814 51.07708785261756, -2.960711666676957 51.11203174682421))"
532,85195b8ffffffff,259983.79792746113,229500.0,100353746,386,"POLYGON ((-2.80772700489762 50.99075352701517, -2.909177615536742 50.93932615942541, -2.88353191786503 50.85289051656691, -2.756809466953425 50.81791979447403, -2.655554827130778 50.86928809335852, -2.680826595309631 50.95568600948182, -2.80772700489762 50.99075352701517))"
533,85195b93fffffff,298952.76419213973,250000.0,136920366,458,"POLYGON ((-2.655177360314688 51.26557953029522, -2.7571211231617 51.21454926257977, -2.731609375285262 51.12831698428379, -2.604531063650097 51.09315277115367, -2.502786727795296 51.14412441577684, -2.527921210409471 51.23031872161345, -2.655177360314688 51.26557953029522))"
534,85195b97fffffff,322136.2636363636,250000.0,70869978,220,"POLYGON ((-2.502786727795296 51.14412441577684, -2.604531063650097 51.09315277115367, -2.579327505165636 51.00685629623572, -2.452755036232259 50.97157022819313, -2.351210879967471 51.0224838352761, -2.376038954151443 51.10874137436085, -2.502786727795296 51.14412441577684))"
535,85195b9bfffffff,286772.093385214,250000.0,73700428,257,"POLYGON ((-2.884707080687553 51.24958946763361, -2.98660076570143 51.19830090786122, -2.960711666676957 51.11203174682421, -2.83330615722814 51.07708785261756, -2.731609375285262 51.12831698428379, -2.7571211231617 51.21454926257977, -2.884707080687553 51.24958946763361))"
536,85195bb3fffffff,386333.3333333333,361250.0,4636000,12,"POLYGON ((-2.427857100777336 50.8852111237168, -2.529157739624472 50.83409910276708, -2.504190807772253 50.74763916674391, -2.378295250434146 50.712330845814, -2.277193793641497 50.76338517591184, -2.301788657335505 50.84980534634569, -2.427857100777336 50.8852111237168))"
537,85195bbbfffffff,374787.9032258064,290000.0,11618425,31,"POLYGON ((-2.655554827130778 50.86928809335852, -2.756809466953425 50.81791979447403, -2.731470347088557 50.73142117318724, -2.605248710546864 50.69632936388655, -2.504190807772253 50.74763916674391, -2.529157739624472 50.83409910276708, -2.655554827130778 50.86928809335852))"
538,85195bc3fffffff,335303.6090225564,267000.0,44595380,133,"POLYGON ((-3.344588624767597 51.21616632901811, -3.44637173586779 51.16436004151458, -3.41972782442107 51.07802040071571, -3.291678116669478 51.04352156141864, -3.190086775595429 51.09526683209571, -3.216353274817233 51.18157178197761, -3.344588624767597 51.21616632901811))"
539,85195bc7fffffff,261279.06158833063,216000.0,322418362,1234,"POLYGON ((-3.190086775595429 51.09526683209571, -3.291678116669478 51.04352156141864, -3.26534759370444 50.95711480689826, -3.137801343484215 50.92248881515233, -3.036402633475406 50.97417364697017, -3.062357452821605 51.06054473382112, -3.190086775595429 51.09526683209571))"
540,85195bcbfffffff,422867.7380952381,345000.0,17760445,42,"POLYGON ((-3.57492658226926 51.19872956235419, -3.676649183905963 51.14666387564561, -3.649627885402723 51.06029064574157, -3.521261264409596 51.02601651417172, -3.41972782442107 51.07802040071571, -3.44637173586779 51.16436004151458, -3.57492658226926 51.19872956235419))"
541,85195bcffffffff,398394.94736842107,291500.0,30278016,76,"POLYGON ((-3.41972782442107 51.07802040071571, -3.521261264409596 51.02601651417172, -3.494555037968662 50.9395751895587, -3.366690974848191 50.90517214542122, -3.26534759370444 50.95711480689826, -3.291678116669478 51.04352156141864, -3.41972782442107 51.07802040071571))"
542,85195bd7fffffff,214142.88235294117,190000.0,149257589,697,"POLYGON ((-3.114513138046002 51.23311902105979, -3.216353274817233 51.18157178197761, -3.190086775595429 51.09526683209571, -3.062357452821605 51.06054473382112, -2.960711666676957 51.11203174682421, -2.98660076570143 51.19830090786122, -3.114513138046002 51.23311902105979))"
543,85195bdbfffffff,230928.17460317462,218750.0,29096950,126,"POLYGON ((-3.499912459637793 51.3368683843967, -3.601886449335036 51.28500049834821, -3.57492658226926 51.19872956235419, -3.44637173586779 51.16436004151458, -3.344588624767597 51.21616632901811, -3.37116937626601 51.30240355765383, -3.499912459637793 51.3368683843967))"
544,85195c03fffffff,182206.17526527625,160000.0,497969477,2733,"POLYGON ((-2.027469268593733 52.74252504465364, -2.132144468022119 52.6934589699303, -2.107036927014076 52.60835697703858, -1.9776505006837 52.57235895958126, -1.873192181475105 52.62136786872725, -1.897903367510876 52.70643177679371, -2.027469268593733 52.74252504465364))"
545,85195c07fffffff,219620.7922346138,178000.0,1063403876,4842,"POLYGON ((-1.873192181475105 52.62136786872725, -1.9776505006837 52.57235895958126, -1.952861899307601 52.48718551133269, -1.824009311984325 52.45105986790254, -1.719768577693418 52.50001226681744, -1.744162812623916 52.58514663685296, -1.873192181475105 52.62136786872725))"
546,85195c0bfffffff,219856.93193717278,187995.0,209963370,955,"POLYGON ((-2.262066793810958 52.72932717331691, -2.366699215035699 52.67999819706372, -2.341195119007876 52.59485921748681, -2.211455104544838 52.5590860159768, -2.107036927014076 52.60835697703858, -2.132144468022119 52.6934589699303, -2.262066793810958 52.72932717331691))"
547,85195c0ffffffff,170144.33739387227,150000.0,921842020,5418,"POLYGON ((-2.107036927014076 52.60835697703858, -2.211455104544838 52.5590860159768, -2.186271911927145 52.47387458266211, -2.057065088611354 52.43797191215002, -1.952861899307601 52.48718551133269, -1.9776505006837 52.57235895958126, -2.107036927014076 52.60835697703858))"
548,85195c13fffffff,245124.69026548672,190000.0,110796360,452,"POLYGON ((-1.947567145969236 52.87637761485581, -2.052500202133988 52.82751696264519, -2.027469268593733 52.74252504465364, -1.897903367510876 52.70643177679371, -1.793189099202809 52.75523545792735, -1.817821906860356 52.84018919309074, -1.947567145969236 52.87637761485581))"
549,85195c17fffffff,278566.7596532703,250000.0,353501218,1269,"POLYGON ((-1.793189099202809 52.75523545792735, -1.897903367510876 52.70643177679371, -1.873192181475105 52.62136786872725, -1.744162812623916 52.58514663685296, -1.639668028101467 52.63389400887502, -1.663983099089348 52.71891873856535, -1.793189099202809 52.75523545792735))"
550,85195c1bfffffff,234590.57884231536,200000.0,235059760,1002,"POLYGON ((-2.182604724828831 52.86348007582236, -2.287496068364392 52.81435617554106, -2.262066793810958 52.72932717331691, -2.132144468022119 52.6934589699303, -2.027469268593733 52.74252504465364, -2.052500202133988 52.82751696264519, -2.182604724828831 52.86348007582236))"
551,85195c23fffffff,418724.6693548387,301750.0,103843718,248,"POLYGON ((-1.799536874022215 52.3658164964682, -1.903524361830243 52.31665961042929, -1.878974672755435 52.23130788453609, -1.750828122726089 52.19515282473624, -1.647057018975644 52.24425364171531, -1.671216051943725 52.32956540735485, -1.799536874022215 52.3658164964682))"
552,85195c27fffffff,376584.4497991968,315000.0,187539056,498,"POLYGON ((-1.647057018975644 52.24425364171531, -1.750828122726089 52.19515282473624, -1.726591068676344 52.10973325363767, -1.598971574510057 52.0734552578906, -1.495417507223351 52.12250064517041, -1.519265875724742 52.20787927927604, -1.647057018975644 52.24425364171531))"
553,85195c2bfffffff,243937.3503875969,220000.0,314679182,1290,"POLYGON ((-2.032200025846769 52.35268956444865, -2.13614890380459 52.30327182120594, -2.111208324596382 52.21788122281217, -1.982709717308258 52.18194705916281, -1.878974672755435 52.23130788453609, -1.903524361830243 52.31665961042929, -2.032200025846769 52.35268956444865))"
554,85195c2ffffffff,316987.6520912548,275000.0,166735505,526,"POLYGON ((-1.878974672755435 52.23130788453609, -1.982709717308258 52.18194705916281, -1.958083720125086 52.09648763376625, -1.830111588741902 52.06042870859474, -1.726591068676344 52.10973325363767, -1.750828122726089 52.19515282473624, -1.878974672755435 52.23130788453609))"
555,85195c33fffffff,309653.85874043556,243000.0,526101906,1699,"POLYGON ((-1.719768577693418 52.50001226681744, -1.824009311984325 52.45105986790254, -1.799536874022215 52.3658164964682, -1.671216051943725 52.32956540735485, -1.567193576417674 52.37846194667599, -1.591273638540573 52.46366525374796, -1.719768577693418 52.50001226681744))"
556,85195c37fffffff,362173.8439490446,305000.0,454890348,1256,"POLYGON ((-1.567193576417674 52.37846194667599, -1.671216051943725 52.32956540735485, -1.647057018975644 52.24425364171531, -1.519265875724742 52.20787927927604, -1.415462302517739 52.25672060485973, -1.43923095193712 52.3419913272584, -1.567193576417674 52.37846194667599))"
557,85195c3bfffffff,243522.89841888673,204950.0,1124345222,4617,"POLYGON ((-1.952861899307601 52.48718551133269, -2.057065088611354 52.43797191215002, -2.032200025846769 52.35268956444865, -1.903524361830243 52.31665961042929, -1.799536874022215 52.3658164964682, -1.824009311984325 52.45105986790254, -1.952861899307601 52.48718551133269))"
558,85195c43fffffff,241057.83726415093,195000.0,102208523,424,"POLYGON ((-2.653614663739181 52.83621239641138, -2.758411344950889 52.78656051554835, -2.732184904915941 52.7014606583999, -2.601560361660448 52.66604736878442, -2.496974438363696 52.71563973643661, -2.522802228639291 52.80070471982062, -2.653614663739181 52.83621239641138))"
559,85195c47fffffff,197994.1422505308,169000.0,279765723,1413,"POLYGON ((-2.496974438363696 52.71563973643661, -2.601560361660448 52.66604736878442, -2.575659550697556 52.58087250509975, -2.445569467729212 52.54532570758602, -2.341195119007876 52.59485921748681, -2.366699215035699 52.67999819706372, -2.496974438363696 52.71563973643661))"
560,85195c4bfffffff,263567.06074766355,229997.5,169210053,642,"POLYGON ((-2.889572307195952 52.82183809200409, -2.994316019403066 52.77192151538873, -2.967690836481212 52.68678789603714, -2.836720600875577 52.65160442776148, -2.732184904915941 52.7014606583999, -2.758411344950889 52.78656051554835, -2.889572307195952 52.82183809200409))"
561,85195c4ffffffff,254996.76150627615,220000.0,60944226,239,"POLYGON ((-2.732184904915941 52.7014606583999, -2.836720600875577 52.65160442776148, -2.810422955437865 52.56639478682962, -2.679986373412196 52.53107596751697, -2.575659550697556 52.58087250509975, -2.601560361660448 52.66604736878442, -2.732184904915941 52.7014606583999))"
562,85195c53fffffff,242838.26457399104,199950.0,54152933,223,"POLYGON ((-2.574710409127166 52.97064882258873, -2.679768956259296 52.92120183809545, -2.653614663739181 52.83621239641138, -2.522802228639291 52.80070471982062, -2.41795634008153 52.85009236907748, -2.44371015967849 52.93504684223445, -2.574710409127166 52.97064882258873))"
563,85195c57fffffff,234075.56880733944,187500.0,102056948,436,"POLYGON ((-2.41795634008153 52.85009236907748, -2.522802228639291 52.80070471982062, -2.496974438363696 52.71563973643661, -2.366699215035699 52.67999819706372, -2.262066793810958 52.72932717331691, -2.287496068364392 52.81435617554106, -2.41795634008153 52.85009236907748))"
564,85195c5bfffffff,230045.6794871795,197500.0,35887126,156,"POLYGON ((-2.811120590532202 52.95657344388199, -2.916127180196698 52.90686139006704, -2.889572307195952 52.82183809200409, -2.758411344950889 52.78656051554835, -2.653614663739181 52.83621239641138, -2.679768956259296 52.92120183809545, -2.811120590532202 52.95657344388199))"
565,85195c63fffffff,261366.30654761905,202250.0,87819079,336,"POLYGON ((-2.419991498669475 52.46007738690155, -2.524108623770943 52.41033989367833, -2.498457721012523 52.32498287621548, -2.369082639364718 52.28939995494986, -2.265176004177107 52.33907904820262, -2.290433901645512 52.42439927941682, -2.419991498669475 52.46007738690155))"
566,85195c67fffffff,260384.55896720168,223625.0,373131073,1433,"POLYGON ((-2.265176004177107 52.33907904820262, -2.369082639364718 52.28939995494986, -2.343750974785648 52.20397157642808, -2.214903709080873 52.16825988952684, -2.111208324596382 52.21788122281217, -2.13614890380459 52.30327182120594, -2.265176004177107 52.33907904820262))"
567,85195c6bfffffff,246433.51351351352,220000.0,45590200,185,"POLYGON ((-2.654013482553954 52.44579186155691, -2.758082068270325 52.39579171052955, -2.732038029192461 52.31039900844115, -2.602318470405376 52.27504195803638, -2.498457721012523 52.32498287621548, -2.524108623770943 52.41033989367833, -2.654013482553954 52.44579186155691))"
568,85195c6ffffffff,337341.6198347107,262500.0,40818336,121,"POLYGON ((-2.498457721012523 52.32498287621548, -2.602318470405376 52.27504195803638, -2.57659556425369 52.18957689623021, -2.447403087871626 52.15408925340471, -2.343750974785648 52.20397157642808, -2.369082639364718 52.28939995494986, -2.498457721012523 52.32498287621548))"
569,85195c73fffffff,280182.2631578947,235000.0,69205019,247,"POLYGON ((-2.341195119007876 52.59485921748681, -2.445569467729212 52.54532570758602, -2.419991498669475 52.46007738690155, -2.290433901645512 52.42439927941682, -2.186271911927145 52.47387458266211, -2.211455104544838 52.5590860159768, -2.341195119007876 52.59485921748681))"
570,85195c77fffffff,261003.60660247592,220000.0,379499244,1454,"POLYGON ((-2.186271911927145 52.47387458266211, -2.290433901645512 52.42439927941682, -2.265176004177107 52.33907904820262, -2.13614890380459 52.30327182120594, -2.032200025846769 52.35268956444865, -2.057065088611354 52.43797191215002, -2.186271911927145 52.47387458266211))"
571,85195c7bfffffff,378391.3043478261,340000.0,8703000,23,"POLYGON ((-2.575659550697556 52.58087250509975, -2.679986373412196 52.53107596751697, -2.654013482553954 52.44579186155691, -2.524108623770943 52.41033989367833, -2.419991498669475 52.46007738690155, -2.445569467729212 52.54532570758602, -2.575659550697556 52.58087250509975))"
572,85195c83fffffff,231338.73870967742,207750.0,215145027,930,"POLYGON ((-1.632175700375589 53.02202169670242, -1.7374043267498 52.97363005372058, -1.712850869674135 52.88878711619671, -1.583468397182126 52.85237501027599, -1.478463099128578 52.90071074108829, -1.502616923139899 52.98551430510751, -1.632175700375589 53.02202169670242))"
573,85195c87fffffff,251410.0278969957,215000.0,234314146,932,"POLYGON ((-1.478463099128578 52.90071074108829, -1.583468397182126 52.85237501027599, -1.559233460117847 52.76746055190655, -1.430390785895571 52.73092200707801, -1.325609462670452 52.77920249606426, -1.349446824315421 52.86407658845413, -1.478463099128578 52.90071074108829))"
574,85195c8bfffffff,265479.898245614,210000.0,75661771,285,"POLYGON ((-1.867328758561406 53.00991353295552, -1.972520507003553 52.96125883149254, -1.947567145969236 52.87637761485581, -1.817821906860356 52.84018919309074, -1.712850869674135 52.88878711619671, -1.7374043267498 52.97363005372058, -1.867328758561406 53.00991353295552))"
575,85195c8ffffffff,216710.1848617176,189000.0,297759794,1374,"POLYGON ((-1.712850869674135 52.88878711619671, -1.817821906860356 52.84018919309074, -1.793189099202809 52.75523545792735, -1.663983099089348 52.71891873856535, -1.559233460117847 52.76746055190655, -1.583468397182126 52.85237501027599, -1.712850869674135 52.88878711619671))"
576,85195c93fffffff,261294.04918032786,215000.0,127511496,488,"POLYGON ((-1.551161789070745 53.15493806844753, -1.656648825419849 53.10675321980978, -1.632175700375589 53.02202169670242, -1.502616923139899 52.98551430510751, -1.397355161010309 53.03364343744121, -1.421426883611966 53.11833549200201, -1.551161789070745 53.15493806844753))"
577,85195c97fffffff,200113.55202156334,163000.0,371210639,1855,"POLYGON ((-1.397355161010309 53.03364343744121, -1.502616923139899 52.98551430510751, -1.478463099128578 52.90071074108829, -1.349446824315421 52.86407658845413, -1.244410973391312 52.91215068140954, -1.268165475392686 52.99691378235406, -1.397355161010309 53.03364343744121))"
578,85195c9bfffffff,343948.92156862747,284995.0,52624185,153,"POLYGON ((-1.786752295879779 53.14313166015826, -1.892203572790262 53.09468342978071, -1.867328758561406 53.00991353295552, -1.7374043267498 52.97363005372058, -1.632175700375589 53.02202169670242, -1.656648825419849 53.10675321980978, -1.786752295879779 53.14313166015826))"
579,85195ca3fffffff,237698.0945083014,205000.0,372235216,1566,"POLYGON ((-1.40647155042168 52.64593754457545, -1.510999135355268 52.59745117723141, -1.486999002739024 52.51235697385719, -1.358865073406367 52.47579020723457, -1.254560167769016 52.52422178745219, -1.278166501265844 52.60927474056298, -1.40647155042168 52.64593754457545))"
580,85195ca7fffffff,257514.6865079365,229950.0,194681103,756,"POLYGON ((-1.254560167769016 52.52422178745219, -1.358865073406367 52.47579020723457, -1.335177099362373 52.39062804781463, -1.207575977813601 52.35393951538369, -1.103494346730036 52.40231696237898, -1.126790558976475 52.48743689580759, -1.254560167769016 52.52422178745219))"
581,85195cabfffffff,209612.89655172414,185000.0,218835864,1044,"POLYGON ((-1.639668028101467 52.63389400887502, -1.744162812623916 52.58514663685296, -1.719768577693418 52.50001226681744, -1.591273638540573 52.46366525374796, -1.486999002739024 52.51235697385719, -1.510999135355268 52.59745117723141, -1.639668028101467 52.63389400887502))"
582,85195caffffffff,206813.52767920512,177115.0,582800521,2818,"POLYGON ((-1.486999002739024 52.51235697385719, -1.591273638540573 52.46366525374796, -1.567193576417674 52.37846194667599, -1.43923095193712 52.3419913272584, -1.335177099362373 52.39062804781463, -1.358865073406367 52.47579020723457, -1.486999002739024 52.51235697385719))"
583,85195cb3fffffff,251912.6811594203,212500.0,312875550,1242,"POLYGON ((-1.325609462670452 52.77920249606426, -1.430390785895571 52.73092200707801, -1.40647155042168 52.64593754457545, -1.278166501265844 52.60927474056298, -1.173609768677685 52.65750065311151, -1.197133487502086 52.74244376450162, -1.325609462670452 52.77920249606426))"
584,85195cb7fffffff,240307.9577039275,197000.0,715877406,2979,"POLYGON ((-1.173609768677685 52.65750065311151, -1.278166501265844 52.60927474056298, -1.254560167769016 52.52422178745219, -1.126790558976475 52.48743689580759, -1.022459002705179 52.53560889228181, -1.045671879057764 52.6206195165182, -1.173609768677685 52.65750065311151))"
585,85195cbbfffffff,277766.4730077121,230000.0,108051158,389,"POLYGON ((-1.559233460117847 52.76746055190655, -1.663983099089348 52.71891873856535, -1.639668028101467 52.63389400887502, -1.510999135355268 52.59745117723141, -1.40647155042168 52.64593754457545, -1.430390785895571 52.73092200707801, -1.559233460117847 52.76746055190655))"
586,85195cc3fffffff,146292.19170984457,125000.0,451750288,3088,"POLYGON ((-2.258913912520881 53.11804917264136, -2.364282329777511 53.06907257369003, -2.338603440133546 52.98422923261157, -2.207958220274156 52.94839847250938, -2.102807103746031 52.99731676245434, -2.128083853175715 53.08212393345617, -2.258913912520881 53.11804917264136))"
587,85195cc7fffffff,209207.0,174975.0,151465868,724,"POLYGON ((-2.102807103746031 52.99731676245434, -2.207958220274156 52.94839847250938, -2.182604724828831 52.86348007582236, -2.052500202133988 52.82751696264519, -1.947567145969236 52.87637761485581, -1.972520507003553 52.96125883149254, -2.102807103746031 52.99731676245434))"
588,85195ccbfffffff,246842.55277777778,210900.0,177726638,720,"POLYGON ((-2.495470307836516 53.10476877472903, -2.600791602731249 53.05552722524074, -2.574710409127166 52.97064882258873, -2.44371015967849 52.93504684223445, -2.338603440133546 52.98422923261157, -2.364282329777511 53.06907257369003, -2.495470307836516 53.10476877472903))"
589,85195ccffffffff,326086.75132275134,297000.0,61630396,189,"POLYGON ((-2.338603440133546 52.98422923261157, -2.44371015967849 52.93504684223445, -2.41795634008153 52.85009236907748, -2.287496068364392 52.81435617554106, -2.182604724828831 52.86348007582236, -2.207958220274156 52.94839847250938, -2.338603440133546 52.98422923261157))"
590,85195cd3fffffff,231532.62248322146,209247.5,137993443,596,"POLYGON ((-2.178885920929027 53.25155105071479, -2.284516903570063 53.20278076783952, -2.258913912520881 53.11804917264136, -2.128083853175715 53.08212393345617, -2.022672112149568 53.1308360866181, -2.04787113929919 53.21553141979761, -2.178885920929027 53.25155105071479))"
591,85195cd7fffffff,199853.11586452762,170000.0,112117598,561,"POLYGON ((-2.022672112149568 53.1308360866181, -2.128083853175715 53.08212393345617, -2.102807103746031 52.99731676245434, -1.972520507003553 52.96125883149254, -1.867328758561406 53.00991353295552, -1.892203572790262 53.09468342978071, -2.022672112149568 53.1308360866181))"
592,85195cdbfffffff,235788.51458137349,189995.0,250643191,1063,"POLYGON ((-2.415892516123765 53.23857110663445, -2.521477441748725 53.18953552286989, -2.495470307836516 53.10476877472903, -2.364282329777511 53.06907257369003, -2.258913912520881 53.11804917264136, -2.284516903570063 53.20278076783952, -2.415892516123765 53.23857110663445))"
593,85195d03fffffff,401136.98080614203,337000.0,208992367,521,"POLYGON ((-0.9652821944635459 51.89038724344773, -1.068425494087974 51.84170773277788, -1.045492856005006 51.75613761452843, -0.9197993329696588 51.71929171949973, -0.8168772178797399 51.76791855069202, -0.8394274508638296 51.85344378349767, -0.9652821944635459 51.89038724344773))"
594,85195d07fffffff,459722.68997669,370000.0,394442068,858,"POLYGON ((-0.8168772178797399 51.76791855069202, -0.9197993329696588 51.71929171949973, -0.8971665777932437 51.63366080230471, -0.7719921336572456 51.59670237257262, -0.6692917033310195 51.64527714524333, -0.6915440485415046 51.73086223491185, -0.8168772178797399 51.76791855069202))"
595,85195d0bfffffff,507935.7497005988,400000.0,424126351,835,"POLYGON ((-1.194640236362855 51.87843896218677, -1.29775839140753 51.82950253546218, -1.274442986838768 51.74388859379757, -1.14839219288308 51.70725472844418, -1.045492856005006 51.75613761452843, -1.068425494087974 51.84170773277788, -1.194640236362855 51.87843896218677))"
596,85195d0ffffffff,488008.2768361582,425000.0,86377465,177,"POLYGON ((-1.045492856005006 51.75613761452843, -1.14839219288308 51.70725472844418, -1.12537864549092 51.62157904038948, -0.9998465593344867 51.58483083706424, -0.8971665777932437 51.63366080230471, -0.9197993329696588 51.71929171949973, -1.045492856005006 51.75613761452843))"
597,85195d13fffffff,413312.2055555555,352500.0,74396197,180,"POLYGON ((-0.8847449914145082 52.02432670117967, -0.9881329832427216 51.97585111454219, -0.9652821944635459 51.89038724344773, -0.8394274508638296 51.85344378349767, -0.7362624870456203 51.9018669302762, -0.7587292521247898 51.98728580328863, -0.8847449914145082 52.02432670117967))"
598,85195d17fffffff,391976.3025114155,340000.0,343371241,876,"POLYGON ((-0.7362624870456203 51.9018669302762, -0.8394274508638296 51.85344378349767, -0.8168772178797399 51.76791855069202, -0.6915440485415046 51.73086223491185, -0.5886026033246543 51.77923356900056, -0.6107708287559035 51.86471285963678, -0.7362624870456203 51.9018669302762))"
599,85195d1bfffffff,366320.81666666665,330000.0,197813241,540,"POLYGON ((-1.114511469187696 52.01267958543637, -1.21787542551618 51.96394676922824, -1.194640236362855 51.87843896218677, -1.068425494087974 51.84170773277788, -0.9652821944635459 51.89038724344773, -0.9881329832427216 51.97585111454219, -1.114511469187696 52.01267958543637))"
600,85195d23fffffff,470149.52712477394,363750.0,519985377,1106,"POLYGON ((-0.7496566114764579 51.51101216519713, -0.852116728004616 51.46223450605052, -0.8296989633279678 51.37643987016994, -0.7051979449169924 51.33946936801242, -0.6029581760975884 51.38819533071076, -0.6249990968896715 51.47394332305041, -0.7496566114764579 51.51101216519713))"
601,85195d27fffffff,525347.4926326129,435000.0,1069607495,2036,"POLYGON ((-0.6029581760975884 51.38819533071076, -0.7051979449169924 51.33946936801242, -0.6830741417701374 51.25361752359757, -0.5590854654875249 51.21653904327868, -0.4570665005987207 51.26521391401484, -0.4788154332606211 51.35101818970246, -0.6029581760975884 51.38819533071076))"
602,85195d2bfffffff,399583.72811594204,350000.0,689281931,1725,"POLYGON ((-0.9771322192501992 51.49909491877849, -1.079570782528996 51.45006237798371, -1.056775786461007 51.36422214981745, -0.9319194673521535 51.32745988479783, -0.8296989633279678 51.37643987016994, -0.852116728004616 51.46223450605052, -0.9771322192501992 51.49909491877849))"
603,85195d2ffffffff,393131.4940431869,350000.0,1055951193,2686,"POLYGON ((-0.8296989633279678 51.37643987016994, -0.9319194673521535 51.32745988479783, -0.9094203863858598 51.24156151750651, -0.7850760944822384 51.20468949014294, -0.6830741417701374 51.25361752359757, -0.7051979449169924 51.33946936801242, -0.8296989633279678 51.37643987016994))"
604,85195d33fffffff,546273.3440298508,375000.0,732006281,1340,"POLYGON ((-0.6692917033310195 51.64527714524333, -0.7719921336572456 51.59670237257262, -0.7496566114764579 51.51101216519713, -0.6249990968896715 51.47394332305041, -0.5225208244740319 51.52246665299311, -0.5444779313433011 51.60811009819862, -0.6692917033310195 51.64527714524333))"
605,85195d37fffffff,445384.4342942718,380000.0,1189621824,2671,"POLYGON ((-0.5225208244740319 51.52246665299311, -0.6249990968896715 51.47394332305041, -0.6029581760975884 51.38819533071076, -0.4788154332606211 51.35101818970246, -0.3765597653324577 51.39949068749302, -0.3982242646620345 51.48519099048239, -0.5225208244740319 51.52246665299311))"
606,85195d3bfffffff,730437.4731182796,580000.0,271722740,372,"POLYGON ((-0.8971665777932437 51.63366080230471, -0.9998465593344867 51.58483083706424, -0.9771322192501992 51.49909491877849, -0.852116728004616 51.46223450605052, -0.7496566114764579 51.51101216519713, -0.7719921336572456 51.59670237257262, -0.8971665777932437 51.63366080230471))"
607,85195d43fffffff,476439.152284264,385000.0,93858513,197,"POLYGON ((-1.575044434416188 51.98796937131242, -1.678349768929627 51.9387204737266, -1.654344796003053 51.85312800189318, -1.527419513667496 51.81682604752331, -1.424329996292339 51.86601992578996, -1.447949925814714 51.95157060143502, -1.575044434416188 51.98796937131242))"
608,85195d47fffffff,415026.07272727275,350000.0,296743642,715,"POLYGON ((-1.424329996292339 51.86601992578996, -1.527419513667496 51.81682604752331, -1.503721017668956 51.73116934964108, -1.377316084435605 51.69474911151431, -1.274442986838768 51.74388859379757, -1.29775839140753 51.82950253546218, -1.424329996292339 51.86601992578996))"
609,85195d4bfffffff,468163.5789473684,399000.0,71160864,152,"POLYGON ((-1.805797454551792 51.97490199314513, -1.90906817856244 51.92539427771086, -1.884677896426416 51.83976108703744, -1.757402170538018 51.80367615348803, -1.654344796003053 51.85312800189318, -1.678349768929627 51.9387204737266, -1.805797454551792 51.97490199314513))"
610,85195d4ffffffff,369970.0410447761,300000.0,99151971,268,"POLYGON ((-1.654344796003053 51.85312800189318, -1.757402170538018 51.80367615348803, -1.73332029488248 51.71797777161844, -1.60656440254101 51.6817727465481, -1.503721017668956 51.73116934964108, -1.527419513667496 51.81682604752331, -1.654344796003053 51.85312800189318))"
611,85195d53fffffff,416209.10505836573,330000.0,106965740,257,"POLYGON ((-1.495417507223351 52.12250064517041, -1.598971574510057 52.0734552578906, -1.575044434416188 51.98796937131242, -1.447949925814714 51.95157060143502, -1.344613517787291 52.00056119358329, -1.36815394436994 52.08600517370839, -1.495417507223351 52.12250064517041))"
612,85195d57fffffff,455724.26704545453,400000.0,80207471,176,"POLYGON ((-1.344613517787291 52.00056119358329, -1.447949925814714 51.95157060143502, -1.424329996292339 51.86601992578996, -1.29775839140753 51.82950253546218, -1.194640236362855 51.87843896218677, -1.21787542551618 51.96394676922824, -1.344613517787291 52.00056119358329))"
613,85195d5bfffffff,448815.92237442924,333000.0,98290687,219,"POLYGON ((-1.726591068676344 52.10973325363767, -1.830111588741902 52.06042870859474, -1.805797454551792 51.97490199314513, -1.678349768929627 51.9387204737266, -1.575044434416188 51.98796937131242, -1.598971574510057 52.0734552578906, -1.726591068676344 52.10973325363767))"
614,85195d63fffffff,527282.4358974359,405000.0,41128030,78,"POLYGON ((-1.353921398507831 51.60902971453035, -1.456550182348968 51.55968773977725, -1.433077140644291 51.47386357474315, -1.307354823670968 51.43742480446389, -1.204941223929923 51.48671276304034, -1.228034749089149 51.57249333562054, -1.353921398507831 51.60902971453035))"
615,85195d67fffffff,426456.0268817204,333750.0,158641642,372,"POLYGON ((-1.204941223929923 51.48671276304034, -1.307354823670968 51.43742480446389, -1.284182243903205 51.3515400405845, -1.1589736468172 51.31498760012552, -1.056775786461007 51.36422214981745, -1.079570782528996 51.45006237798371, -1.204941223929923 51.48671276304034))"
616,85195d6bfffffff,421701.3582089552,372500.0,28253991,67,"POLYGON ((-1.582788267964706 51.59601070769529, -1.68538627818503 51.54641194921835, -1.661533424435819 51.46054525866226, -1.535462354226547 51.42431967877565, -1.433077140644291 51.47386357474315, -1.456550182348968 51.55968773977725, -1.582788267964706 51.59601070769529))"
617,85195d6ffffffff,452229.7123287671,345750.0,132051076,292,"POLYGON ((-1.433077140644291 51.47386357474315, -1.535462354226547 51.42431967877565, -1.511911873922823 51.33839144094197, -1.386354069114258 51.30205040126001, -1.284182243903205 51.3515400405845, -1.307354823670968 51.43742480446389, -1.433077140644291 51.47386357474315))"
618,85195d73fffffff,379510.0177935943,330000.0,426569260,1124,"POLYGON ((-1.274442986838768 51.74388859379757, -1.377316084435605 51.69474911151431, -1.353921398507831 51.60902971453035, -1.228034749089149 51.57249333562054, -1.12537864549092 51.62157904038948, -1.14839219288308 51.70725472844418, -1.274442986838768 51.74388859379757))"
619,85195d77fffffff,555147.782122905,440000.0,198742906,358,"POLYGON ((-1.12537864549092 51.62157904038948, -1.228034749089149 51.57249333562054, -1.204941223929923 51.48671276304034, -1.079570782528996 51.45006237798371, -0.9771322192501992 51.49909491877849, -0.9998465593344867 51.58483083706424, -1.12537864549092 51.62157904038948))"
620,85195d7bfffffff,383661.47339449544,325000.0,209095503,545,"POLYGON ((-1.503721017668956 51.73116934964108, -1.60656440254101 51.6817727465481, -1.582788267964706 51.59601070769529, -1.456550182348968 51.55968773977725, -1.353921398507831 51.60902971453035, -1.377316084435605 51.69474911151431, -1.503721017668956 51.73116934964108))"
621,85195d83fffffff,335497.18764044944,295000.0,298592497,890,"POLYGON ((-0.5740502614098234 52.16883072825909, -0.6777030675250082 52.12081656907242, -0.6553207245594808 52.03550472338011, -0.5296708222538258 51.9982530292845, -0.4262452450571851 52.04621586229054, -0.4482423688320462 52.13148154230639, -0.5740502614098234 52.16883072825909))"
622,85195d87fffffff,346148.4713286713,277000.0,247496157,715,"POLYGON ((-0.4262452450571851 52.04621586229054, -0.5296708222538258 51.9982530292845, -0.5075876678117863 51.91288021114631, -0.3824621317188309 51.87551716062976, -0.2792642267932731 51.92342930173213, -0.3009642197493146 52.00875501367884, -0.4262452450571851 52.04621586229054))"
623,85195d8bfffffff,336261.3182414698,290000.0,512462249,1524,"POLYGON ((-0.8038795689468916 52.15795477774421, -0.9075129823734213 52.10968365568196, -0.8847449914145082 52.02432670117967, -0.7587292521247898 51.98728580328863, -0.6553207245594808 52.03550472338011, -0.6777030675250082 52.12081656907242, -0.8038795689468916 52.15795477774421))"
624,85195d8ffffffff,330072.7702182285,295000.0,257126688,779,"POLYGON ((-0.6553207245594808 52.03550472338011, -0.7587292521247898 51.98728580328863, -0.7362624870456203 51.9018669302762, -0.6107708287559035 51.86471285963678, -0.5075876678117863 51.91288021114631, -0.5296708222538258 51.9982530292845, -0.6553207245594808 52.03550472338011))"
625,85195d93fffffff,324004.882183908,270000.0,112753699,348,"POLYGON ((-0.492449420292738 52.30184375904422, -0.5963472194882146 52.25403488696227, -0.5740502614098234 52.16883072825909, -0.4482423688320462 52.13148154230639, -0.3445736752255295 52.17923932892045, -0.3664838001200789 52.26439721301157, -0.492449420292738 52.30184375904422))"
626,85195d97fffffff,363175.47777777776,305000.0,163428965,450,"POLYGON ((-0.3445736752255295 52.17923932892045, -0.4482423688320462 52.13148154230639, -0.4262452450571851 52.04621586229054, -0.3009642197493146 52.00875501367884, -0.1975250647611447 52.05646235527439, -0.2191374344592494 52.1416808182628, -0.3445736752255295 52.17923932892045))"
627,85195d9bfffffff,330747.32635983266,280000.0,79048611,239,"POLYGON ((-0.7226842406761146 52.29127027909271, -0.8265638049775317 52.24320415411095, -0.8038795689468916 52.15795477774421, -0.6777030675250082 52.12081656907242, -0.5740502614098234 52.16883072825909, -0.5963472194882146 52.25403488696227, -0.7226842406761146 52.29127027909271))"
628,85195da3fffffff,487857.8888419273,402500.0,1154271765,2366,"POLYGON ((-0.3606754804287708 51.79008486345376, -0.4636328212736738 51.74196845241638, -0.4417604681363635 51.65643024154599, -0.3173103494892704 51.6190561970217, -0.2145792554630312 51.6671222903624, -0.2360720697665105 51.75261257668755, -0.3606754804287708 51.79008486345376))"
629,85195da7fffffff,791945.8080895009,580000.0,7361928232,9296,"POLYGON ((-0.2145792554630312 51.6671222903624, -0.3173103494892704 51.6190561970217, -0.2957312202086708 51.53346055976095, -0.171798544609975 51.49597969639886, -0.06929409787986855 51.54399608943081, -0.09049572212653015 51.62954287858391, -0.2145792554630312 51.6671222903624))"
630,85195dabfffffff,606528.0745721272,497500.0,496139965,818,"POLYGON ((-0.5886026033246543 51.77923356900056, -0.6915440485415046 51.73086223491185, -0.6692917033310195 51.64527714524333, -0.5444779313433011 51.60811009819862, -0.4417604681363635 51.65643024154599, -0.4636328212736738 51.74196845241638, -0.5886026033246543 51.77923356900056))"
631,85195daffffffff,477486.14830917877,430000.0,1976792654,4140,"POLYGON ((-0.4417604681363635 51.65643024154599, -0.5444779313433011 51.60811009819862, -0.5225208244740319 51.52246665299311, -0.3982242646620345 51.48519099048239, -0.2957312202086708 51.53346055976095, -0.3173103494892704 51.6190561970217, -0.4417604681363635 51.65643024154599))"
632,85195db3fffffff,491771.4376163873,370000.0,528162524,1074,"POLYGON ((-0.2792642267932731 51.92342930173213, -0.3824621317188309 51.87551716062976, -0.3606754804287708 51.79008486345376, -0.2360720697665105 51.75261257668755, -0.1331022536137593 51.8004746547703, -0.154507799736684 51.88585891275974, -0.2792642267932731 51.92342930173213))"
633,85195db7fffffff,478328.19431279623,401000.0,908345241,1899,"POLYGON ((-0.1331022536137593 51.8004746547703, -0.2360720697665105 51.75261257668755, -0.2145792554630312 51.6671222903624, -0.09049572212653015 51.62954287858391, 0.01224561508054179 51.67735551708519, -0.008868148669403851 51.76279683876956, -0.1331022536137593 51.8004746547703))"
634,85195dbbfffffff,349604.0826709062,264500.0,439801936,1258,"POLYGON ((-0.5075876678117863 51.91288021114631, -0.6107708287559035 51.86471285963678, -0.5886026033246543 51.77923356900056, -0.4636328212736738 51.74196845241638, -0.3606754804287708 51.79008486345376, -0.3824621317188309 51.87551716062976, -0.5075876678117863 51.91288021114631))"
635,85195dc3fffffff,267130.89219330857,238000.0,71858210,269,"POLYGON ((-1.184197401122662 52.26871091430306, -1.288029865836521 52.22012854584846, -1.26456988729442 52.13479192656033, -1.137665500324291 52.09808058649905, -1.034054998784703 52.14660924532758, -1.057126920687524 52.23190277698559, -1.184197401122662 52.26871091430306))"
636,85195dc7fffffff,364026.73349633254,315000.0,148886934,409,"POLYGON ((-1.034054998784703 52.14660924532758, -1.137665500324291 52.09808058649905, -1.114511469187696 52.01267958543637, -0.9881329832427216 51.97585111454219, -0.8847449914145082 52.02432670117967, -0.9075129823734213 52.10968365568196, -1.034054998784703 52.14660924532758))"
637,85195dcbfffffff,375602.1533742331,335000.0,61223151,163,"POLYGON ((-1.415462302517739 52.25672060485973, -1.519265875724742 52.20787927927604, -1.495417507223351 52.12250064517041, -1.36815394436994 52.08600517370839, -1.26456988729442 52.13479192656033, -1.288029865836521 52.22012854584846, -1.415462302517739 52.25672060485973))"
638,85195dcffffffff,309565.54254143644,280000.0,280156816,905,"POLYGON ((-1.26456988729442 52.13479192656033, -1.36815394436994 52.08600517370839, -1.344613517787291 52.00056119358329, -1.21787542551618 51.96394676922824, -1.114511469187696 52.01267958543637, -1.137665500324291 52.09808058649905, -1.26456988729442 52.13479192656033))"
639,85195dd3fffffff,308275.28078817733,279950.0,125159764,406,"POLYGON ((-1.103494346730036 52.40231696237898, -1.207575977813601 52.35393951538369, -1.184197401122662 52.26871091430306, -1.057126920687524 52.23190277698559, -0.9532691299718861 52.28022673962867, -0.9762579827367788 52.36541214636631, -1.103494346730036 52.40231696237898))"
640,85195dd7fffffff,256064.31469363475,220000.0,430444113,1681,"POLYGON ((-0.9532691299718861 52.28022673962867, -1.057126920687524 52.23190277698559, -1.034054998784703 52.14660924532758, -0.9075129823734213 52.10968365568196, -0.8038795689468916 52.15795477774421, -0.8265638049775317 52.24320415411095, -0.9532691299718861 52.28022673962867))"
641,85195ddbfffffff,315553.96165644174,275500.0,205741183,652,"POLYGON ((-1.335177099362373 52.39062804781463, -1.43923095193712 52.3419913272584, -1.415462302517739 52.25672060485973, -1.288029865836521 52.22012854584846, -1.184197401122662 52.26871091430306, -1.207575977813601 52.35393951538369, -1.335177099362373 52.39062804781463))"
642,85195e03fffffff,216785.7142857143,200000.0,3035000,14,"POLYGON ((-3.675906982512116 52.63978756991084, -3.780204306822956 52.58887154429782, -3.752318943415701 52.50353394314597, -3.620533038822003 52.46914248916364, -3.516433468407424 52.51999555706122, -3.543921927364746 52.60530284809096, -3.675906982512116 52.63978756991084))"
643,85195e07fffffff,184098.568627451,145000.0,9389027,51,"POLYGON ((-3.516433468407424 52.51999555706122, -3.620533038822003 52.46914248916364, -3.592979812099793 52.38372634558743, -3.461722002496341 52.34919441873107, -3.357821170298533 52.39998516616108, -3.384979296779035 52.48536997371826, -3.516433468407424 52.51999555706122))"
644,85195e0bfffffff,169203.57142857142,138125.0,10659825,63,"POLYGON ((-3.912520054645442 52.62312030731054, -4.016748384891341 52.57193834216135, -3.988466202581432 52.48657155678575, -3.856352375969833 52.45241573174722, -3.752318943415701 52.50353394314597, -3.780204306822956 52.58887154429782, -3.912520054645442 52.62312030731054))"
647,85195e17fffffff,238306.42857142858,210000.0,13345160,56,"POLYGON ((-3.439559375818611 52.65595331129482, -3.543921927364746 52.60530284809096, -3.516433468407424 52.51999555706122, -3.384979296779035 52.48536997371826, -3.280817325227827 52.53595828349058, -3.30790883559034 52.62123414198425, -3.439559375818611 52.65595331129482))"
648,85195e1bfffffff,176302.9393939394,131500.0,5817997,33,"POLYGON ((-3.83624625482758 52.75935740636172, -3.940740314589322 52.70837778213242, -3.912520054645442 52.62312030731054, -3.780204306822956 52.58887154429782, -3.675906982512116 52.63978756991084, -3.70372854046391 52.72501576723442, -3.83624625482758 52.75935740636172))"
649,85195e23fffffff,174060.23958333334,172500.0,16709783,96,"POLYGON ((-3.434498167222318 52.26370131378964, -3.538138765453144 52.21270871172907, -3.510850119677123 52.12710796933829, -3.380312239952453 52.09253189826722, -3.276869511055373 52.14346263745195, -3.30376668532684 52.22903112560651, -3.434498167222318 52.26370131378964))"
650,85195e27fffffff,306333.22222222225,221250.0,16541994,54,"POLYGON ((-3.276869511055373 52.14346263745195, -3.380312239952453 52.09253189826722, -3.353349334532983 52.00685633803636, -3.223333277912496 51.9721445974439, -3.120089342506553 52.02301409660756, -3.146662571262545 52.10865639279091, -3.276869511055373 52.14346263745195))"
651,85195e2bfffffff,191511.76470588235,173000.0,3255700,17,"POLYGON ((-3.669200226940018 52.2471469114473, -3.772776597141674 52.1958903853716, -3.745096522120611 52.11025850564928, -3.614231387633544 52.07591410383458, -3.510850119677123 52.12710796933829, -3.538138765453144 52.21270871172907, -3.669200226940018 52.2471469114473))"
653,85195e33fffffff,175508.06451612903,150000.0,5440750,31,"POLYGON ((-3.357821170298533 52.39998516616108, -3.461722002496341 52.34919441873107, -3.434498167222318 52.26370131378964, -3.30376668532684 52.22903112560651, -3.200065542096228 52.27976018607296, -3.226896087538311 52.36522093587349, -3.357821170298533 52.39998516616108))"
654,85195e37fffffff,343152.17391304346,280000.0,7892500,23,"POLYGON ((-3.200065542096228 52.27976018607296, -3.30376668532684 52.22903112560651, -3.276869511055373 52.14346263745195, -3.146662571262545 52.10865639279091, -3.043162034729241 52.1593243959653, -3.069667735326142 52.24485951667906, -3.200065542096228 52.27976018607296))"
655,85195e3bfffffff,174373.5,150000.0,2789976,16,"POLYGON ((-3.592979812099793 52.38372634558743, -3.696817322674666 52.33267125401867, -3.669200226940018 52.2471469114473, -3.538138765453144 52.21270871172907, -3.434498167222318 52.26370131378964, -3.461722002496341 52.34919441873107, -3.592979812099793 52.38372634558743))"
656,85195e47fffffff,231412.5,177500.0,18975825,82,"POLYGON ((-4.149390955877576 52.60594965101416, -4.253546519994712 52.55450138867987, -4.224867645898002 52.46910654829799, -4.092429754856417 52.43518783579299, -3.988466202581432 52.48657155678575, -4.016748384891341 52.57193834216135, -4.149390955877576 52.60594965101416))"
657,85195e53fffffff,187067.85714285713,172500.0,2618950,14,"POLYGON ((-4.23552616399571 52.86161409284716, -4.340141078306695 52.81030270451016, -4.311182799291657 52.7250998384827, -4.178009803276209 52.6912352733593, -4.073587634100802 52.74248162968479, -4.102145564861866 52.82765739148556, -4.23552616399571 52.86161409284716))"
658,85195e57fffffff,164744.53225806452,156500.0,10214161,62,"POLYGON ((-4.073587634100802 52.74248162968479, -4.178009803276209 52.6912352733593, -4.149390955877576 52.60594965101416, -4.016748384891341 52.57193834216135, -3.912520054645442 52.62312030731054, -3.940740314589322 52.70837778213242, -4.073587634100802 52.74248162968479))"
659,85195e5bfffffff,405497.5,372975.0,8109950,20,"POLYGON ((-4.473846158648787 52.84401829232439, -4.578382413982972 52.79243904276302, -4.549023973411792 52.70721020953193, -4.415529276218007 52.67358640104486, -4.311182799291657 52.7250998384827, -4.340141078306695 52.81030270451016, -4.473846158648787 52.84401829232439))"
660,85195e63fffffff,201956.87931034484,187750.0,11713499,58,"POLYGON ((-4.064086540208743 52.34971238885609, -4.167786263923563 52.29812750523912, -4.139382897873999 52.21254405408135, -4.007672749434225 52.17857429129656, -3.904164296139122 52.23009510472302, -3.93217458238174 52.31564956383772, -4.064086540208743 52.34971238885609))"
662,85195e6bfffffff,214655.53012048194,210000.0,17816409,83,"POLYGON ((-4.300019550509648 52.33195356354425, -4.403644798927837 52.28010327076009, -4.374848504674359 52.19449195530972, -4.242819740269852 52.1607586092412, -4.139382897873999 52.21254405408135, -4.167786263923563 52.29812750523912, -4.300019550509648 52.33195356354425))"
663,85195e6ffffffff,197382.15189873418,179500.0,15593190,79,"POLYGON ((-4.139382897873999 52.21254405408135, -4.242819740269852 52.1607586092412, -4.214357094750283 52.07506781957043, -4.082848689452333 52.04119118138093, -3.979601327690685 52.09291239468784, -4.007672749434225 52.17857429129656, -4.139382897873999 52.21254405408135))"
664,85195e73fffffff,192226.49006622517,179950.0,29026200,151,"POLYGON ((-3.988466202581432 52.48657155678575, -4.092429754856417 52.43518783579299, -4.064086540208743 52.34971238885609, -3.93217458238174 52.31564956383772, -3.828404106167061 52.36696937389486, -3.856352375969833 52.45241573174722, -3.988466202581432 52.48657155678575))"
665,85195e77fffffff,189675.0,181500.0,2655450,14,"POLYGON ((-3.828404106167061 52.36696937389486, -3.93217458238174 52.31564956383772, -3.904164296139122 52.23009510472302, -3.772776597141674 52.1958903853716, -3.669200226940018 52.2471469114473, -3.696817322674666 52.33267125401867, -3.828404106167061 52.36696937389486))"
666,85195e7bfffffff,207210.26315789475,185000.0,3936995,19,"POLYGON ((-4.224867645898002 52.46910654829799, -4.328757570532227 52.41745697108976, -4.300019550509648 52.33195356354425, -4.167786263923563 52.29812750523912, -4.064086540208743 52.34971238885609, -4.092429754856417 52.43518783579299, -4.224867645898002 52.46910654829799))"
667,85195e83fffffff,300105.35714285716,250000.0,8402950,28,"POLYGON ((-3.284820609232412 52.92692959156084, -3.389711894020826 52.87668604844258, -3.362355703390004 52.79159839008965, -3.23050879544709 52.75678570517938, -3.125821822456023 52.80696742300196, -3.152777342048764 52.89202346124953, -3.284820609232412 52.92692959156084))"
668,85195e87fffffff,211237.82170542635,172500.0,27249679,129,"POLYGON ((-3.125821822456023 52.80696742300196, -3.23050879544709 52.75678570517938, -3.203484817645553 52.67161943919336, -3.072172566733459 52.63666734931499, -2.967690836481212 52.68678789603714, -2.994316019403066 52.77192151538873, -3.125821822456023 52.80696742300196))"
670,85195e8ffffffff,255784.66666666666,209250.0,7673540,30,"POLYGON ((-3.362355703390004 52.79159839008965, -3.466982159145561 52.74115110449966, -3.439559375818611 52.65595331129482, -3.30790883559034 52.62123414198425, -3.203484817645553 52.67161943919336, -3.23050879544709 52.75678570517938, -3.362355703390004 52.79159839008965))"
671,85195e93fffffff,191963.69672131148,150000.0,23419571,122,"POLYGON ((-3.206952240464345 53.06194573007344, -3.312109280813075 53.01190648626375, -3.284820609232412 52.92692959156084, -3.152777342048764 52.89202346124953, -3.047826503788598 52.94200104090398, -3.074712630232899 53.02694622437271, -3.206952240464345 53.06194573007344))"
672,85195e97fffffff,205511.24545454545,171000.0,67818711,330,"POLYGON ((-3.047826503788598 52.94200104090398, -3.152777342048764 52.89202346124953, -3.125821822456023 52.80696742300196, -2.994316019403066 52.77192151538873, -2.889572307195952 52.82183809200409, -2.916127180196698 52.90686139006704, -3.047826503788598 52.94200104090398))"
673,85195e9bfffffff,229805.55555555556,195000.0,8273000,36,"POLYGON ((-3.444691890897972 53.04667061576268, -3.549786522387839 52.99636458924467, -3.522095309385911 52.91135710782473, -3.389711894020826 52.87668604844258, -3.284820609232412 52.92692959156084, -3.312109280813075 53.01190648626375, -3.444691890897972 53.04667061576268))"
674,85195ea3fffffff,380203.7037037037,306250.0,20531000,54,"POLYGON ((-3.045478007887616 52.55142404212373, -3.149698650292304 52.5011000860096, -3.122935640313342 52.41574773260292, -2.992346990190967 52.38075271775148, -2.888330627660057 52.43101597611379, -2.91469854559287 52.51633476101092, -3.045478007887616 52.55142404212373))"
675,85195ea7fffffff,316528.3725490196,300000.0,16142947,51,"POLYGON ((-2.888330627660057 52.43101597611379, -2.992346990190967 52.38075271775148, -2.965909723550612 52.29532543686677, -2.835849240352724 52.26019580851666, -2.732038029192461 52.31039900844115, -2.758082068270325 52.39579171052955, -2.888330627660057 52.43101597611379))"
676,85195eabfffffff,175937.14285714287,147500.0,12315600,70,"POLYGON ((-3.280817325227827 52.53595828349058, -3.384979296779035 52.48536997371826, -3.357821170298533 52.39998516616108, -3.226896087538311 52.36522093587349, -3.122935640313342 52.41574773260292, -3.149698650292304 52.5011000860096, -3.280817325227827 52.53595828349058))"
677,85195eaffffffff,195204.54545454544,183750.0,8589000,44,"POLYGON ((-3.122935640313342 52.41574773260292, -3.226896087538311 52.36522093587349, -3.200065542096228 52.27976018607296, -3.069667735326142 52.24485951667906, -2.965909723550612 52.29532543686677, -2.992346990190967 52.38075271775148, -3.122935640313342 52.41574773260292))"
678,85195eb3fffffff,262328.8,235000.0,23609592,90,"POLYGON ((-2.967690836481212 52.68678789603714, -3.072172566733459 52.63666734931499, -3.045478007887616 52.55142404212373, -2.91469854559287 52.51633476101092, -2.810422955437865 52.56639478682962, -2.836720600875577 52.65160442776148, -2.967690836481212 52.68678789603714))"
679,85195eb7fffffff,322562.9207920792,295000.0,32578855,101,"POLYGON ((-2.810422955437865 52.56639478682962, -2.91469854559287 52.51633476101092, -2.888330627660057 52.43101597611379, -2.758082068270325 52.39579171052955, -2.654013482553954 52.44579186155691, -2.679986373412196 52.53107596751697, -2.810422955437865 52.56639478682962))"
680,85195ebbfffffff,211035.9411764706,186000.0,14350444,68,"POLYGON ((-3.203484817645553 52.67161943919336, -3.30790883559034 52.62123414198425, -3.280817325227827 52.53595828349058, -3.149698650292304 52.5011000860096, -3.045478007887616 52.55142404212373, -3.072172566733459 52.63666734931499, -3.203484817645553 52.67161943919336))"
681,85195ec3fffffff,99168.92424242424,83500.0,6545149,66,"POLYGON ((-3.920993652627238 53.01460732924151, -4.025951937705048 52.96376652588384, -3.997455822778994 52.8787012587911, -3.864403693195707 52.84450492996501, -3.759642950275786 52.89528163630121, -3.787736658586969 52.98031857632672, -3.920993652627238 53.01460732924151))"
683,85195ecbfffffff,199988.5037037037,164000.0,26998448,135,"POLYGON ((-4.159540218062495 52.99781531051558, -4.264424554088249 52.9467065522109, -4.23552616399571 52.86161409284716, -4.102145564861866 52.82765739148556, -3.997455822778994 52.8787012587911, -4.025951937705048 52.96376652588384, -4.159540218062495 52.99781531051558))"
684,85195ecffffffff,201985.29411764705,171000.0,6867500,34,"POLYGON ((-3.997455822778994 52.8787012587911, -4.102145564861866 52.82765739148556, -4.073587634100802 52.74248162968479, -3.940740314589322 52.70837778213242, -3.83624625482758 52.75935740636172, -3.864403693195707 52.84450492996501, -3.997455822778994 52.8787012587911))"
685,85195ed3fffffff,216882.65384615384,189500.0,5638949,26,"POLYGON ((-3.844199242809454 53.15019864830769, -3.949427043171235 53.09956147578404, -3.920993652627238 53.01460732924151, -3.787736658586969 52.98031857632672, -3.682708276806602 53.03089179585913, -3.710737337217705 53.11581752823039, -3.844199242809454 53.15019864830769))"
686,85195ed7fffffff,173195.60869565216,127914.0,3983499,23,"POLYGON ((-3.682708276806602 53.03089179585913, -3.787736658586969 52.98031857632672, -3.759642950275786 52.89528163630121, -3.626923231263031 52.86084718271432, -3.522095309385911 52.91135710782473, -3.549786522387839 52.99636458924467, -3.682708276806602 53.03089179585913))"
688,85197303fffffff,279658.8163265306,250000.0,13703282,49,"POLYGON ((-1.992413069336826 55.42725718349829, -2.102471293127934 55.38070868365313, -2.076129473306036 55.29779188734631, -1.940167415646239 55.2614553399377, -1.830349346150682 55.30794385570114, -1.856253134575822 55.39082869511512, -1.992413069336826 55.42725718349829))"
689,85197307fffffff,325944.06015037594,278101.0,43350560,133,"POLYGON ((-1.830349346150682 55.30794385570114, -1.940167415646239 55.2614553399377, -1.914177740995459 55.1784497929394, -1.778805677119045 55.14196558598513, -1.669228572656741 55.18839490268945, -1.694782530946493 55.27136741928453, -1.830349346150682 55.30794385570114))"
692,85197313fffffff,224365.7894736842,157500.0,4262950,19,"POLYGON ((-1.908326825605091 55.55638823241807, -2.018669937629514 55.51005285843505, -1.992413069336826 55.42725718349829, -1.856253134575822 55.39082869511512, -1.746152395154423 55.43710420833436, -1.771969176870548 55.51986786190026, -1.908326825605091 55.55638823241807))"
693,85197317fffffff,241169.9638888889,225000.0,86821187,360,"POLYGON ((-1.746152395154423 55.43710420833436, -1.856253134575822 55.39082869511512, -1.830349346150682 55.30794385570114, -1.694782530946493 55.27136741928453, -1.584924964077784 55.31758386386961, -1.610391008221987 55.40043560643993, -1.746152395154423 55.43710420833436))"
694,85197323fffffff,212129.87481945113,159000.0,440593750,2077,"POLYGON ((-1.753164922516607 55.0588727802039, -1.862462494443075 55.0122310132432, -1.836736050388422 54.92901841070058, -1.702143409251643 54.89248139873821, -1.593085397560913 54.9390646077815, -1.618380435424145 55.02224318323584, -1.753164922516607 55.0588727802039))"
695,85197327fffffff,160410.33688833125,135000.0,255694077,1594,"POLYGON ((-1.593085397560913 54.9390646077815, -1.702143409251643 54.89248139873821, -1.67676179338319 54.80918345607851, -1.542751256757502 54.77250360453595, -1.433933552501874 54.81902902370526, -1.458886055002746 54.90229188255023, -1.593085397560913 54.9390646077815))"
696,8519732bfffffff,269503.56603773584,190000.0,57134756,212,"POLYGON ((-1.997639637789289 55.04862292630211, -2.106895212822493 55.00170967380663, -2.080737082897575 54.91846417682083, -1.945755019053312 54.8821646225275, -1.836736050388422 54.92901841070058, -1.862462494443075 55.0122310132432, -1.997639637789289 55.04862292630211))"
697,8519732ffffffff,123776.00194931774,95000.0,63497089,513,"POLYGON ((-1.836736050388422 54.92901841070058, -1.945755019053312 54.8821646225275, -1.919943981533527 54.79883272327656, -1.78554336133159 54.76238836624054, -1.67676179338319 54.80918345607851, -1.702143409251643 54.89248139873821, -1.836736050388422 54.92901841070058))"
698,85197333fffffff,188139.5589396503,161500.0,333571438,1773,"POLYGON ((-1.669228572656741 55.18839490268945, -1.778805677119045 55.14196558598513, -1.753164922516607 55.0588727802039, -1.618380435424145 55.02224318323584, -1.509045069160746 55.0686140809512, -1.534252424843813 55.15167279023245, -1.669228572656741 55.18839490268945))"
699,85197337fffffff,193278.7831010453,145000.0,665652129,3444,"POLYGON ((-1.509045069160746 55.0686140809512, -1.618380435424145 55.02224318323584, -1.593085397560913 54.9390646077815, -1.458886055002746 54.90229188255023, -1.349793163247475 54.94860513630228, -1.374657121533701 55.03174855660296, -1.509045069160746 55.0686140809512))"
700,8519733bfffffff,401243.9393939394,299995.0,13241050,33,"POLYGON ((-1.914177740995459 55.1784497929394, -2.023714089275927 55.13174869503424, -1.997639637789289 55.04862292630211, -1.862462494443075 55.0122310132432, -1.753164922516607 55.0588727802039, -1.778805677119045 55.14196558598513, -1.914177740995459 55.1784497929394))"
703,85197367fffffff,224039.03791469193,187995.0,47272237,211,"POLYGON ((-2.242461068205448 55.0378621608309, -2.351670430492199 54.99067682555238, -2.325080382286941 54.90739957117429, -2.189712831843302 54.87133920448924, -2.080737082897575 54.91846417682083, -2.106895212822493 55.00170967380663, -2.242461068205448 55.0378621608309))"
705,8519736ffffffff,167781.37313432837,130000.0,11241352,67,"POLYGON ((-2.487620993228643 55.02658815923537, -2.59677991449359 54.97913016320479, -2.569757763184571 54.89582229271459, -2.434008721945183 54.86000282870409, -2.325080382286941 54.90739957117429, -2.351670430492199 54.99067682555238, -2.487620993228643 55.02658815923537))"
706,85197373fffffff,174443.75,159975.0,5582200,32,"POLYGON ((-2.322257054880018 55.28712558710526, -2.431983310078009 55.24009108877352, -2.405121445262485 55.15702290220546, -2.268969466924138 55.12101975451043, -2.159478117076004 55.16799324214671, -2.18590377666958 55.25103068057804, -2.322257054880018 55.28712558710526))"
707,85197377fffffff,452283.3333333333,249000.0,14925350,33,"POLYGON ((-2.159478117076004 55.16799324214671, -2.268969466924138 55.12101975451043, -2.242461068205448 55.0378621608309, -2.106895212822493 55.00170967380663, -1.997639637789289 55.04862292630211, -2.023714089275927 55.13174869503424, -2.159478117076004 55.16799324214671))"
709,85197383fffffff,170216.20588235295,166000.0,5787351,34,"POLYGON ((-1.576644533423255 55.69442023150962, -1.68731346146474 55.648571956264, -1.661584818136446 55.56592995926711, -1.525629049641096 55.52916925541999, -1.41520776630135 55.57495871863239, -1.440494584267077 55.657567488765, -1.576644533423255 55.69442023150962))"
710,8519738bfffffff,246667.54385964913,263500.0,14060050,57,"POLYGON ((-1.823868650505532 55.68518415056906, -1.934497619396545 55.63906231432613, -1.908326825605091 55.55638823241807, -1.771969176870548 55.51986786190026, -1.661584818136446 55.56592995926711, -1.68731346146474 55.648571956264, -1.823868650505532 55.68518415056906))"
711,8519738ffffffff,301020.82954545453,295500.0,26489833,88,"POLYGON ((-1.661584818136446 55.56592995926711, -1.771969176870548 55.51986786190026, -1.746152395154423 55.43710420833436, -1.610391008221987 55.40043560643993, -1.500252048547439 55.44643876417013, -1.525629049641096 55.52916925541999, -1.661584818136446 55.56592995926711))"
712,851973abfffffff,125938.03703703704,112000.0,91808829,729,"POLYGON ((-1.584924964077784 55.31758386386961, -1.694782530946493 55.27136741928453, -1.669228572656741 55.18839490268945, -1.534252424843813 55.15167279023245, -1.42463879272379 55.19783095329947, -1.44975735120051 55.28076930502504, -1.584924964077784 55.31758386386961))"
713,851973affffffff,141777.45659163987,125000.0,44092789,311,"POLYGON ((-1.42463879272379 55.19783095329947, -1.534252424843813 55.15167279023245, -1.509045069160746 55.0686140809512, -1.374657121533701 55.03174855660296, -1.265288149329098 55.07784922016227, -1.290062451332076 55.16087270402359, -1.42463879272379 55.19783095329947))"
714,851973bbfffffff,151880.3411764706,140950.0,12909829,85,"POLYGON ((-1.500252048547439 55.44643876417013, -1.610391008221987 55.40043560643993, -1.584924964077784 55.31758386386961, -1.44975735120051 55.28076930502504, -1.339864541554215 55.32671431728291, -1.364893176849804 55.40953182761289, -1.500252048547439 55.44643876417013))"
715,851973c3fffffff,197592.1052631579,155000.0,3754250,19,"POLYGON ((-2.235539676869936 55.79423224952118, -2.346364979561988 55.74777475804613, -2.319392114165291 55.66516188502371, -2.182038648197937 55.62903613945722, -2.071454002006997 55.6754321712521, -2.09798210485342 55.75801519606953, -2.235539676869936 55.79423224952118))"
716,851973c7fffffff,232284.24242424243,162500.0,7665380,33,"POLYGON ((-2.071454002006997 55.6754321712521, -2.182038648197937 55.62903613945722, -2.155425428228089 55.54633111906828, -2.018669937629514 55.51005285843505, -1.908326825605091 55.55638823241807, -1.934497619396545 55.63906231432613, -2.071454002006997 55.6754321712521))"
719,851973d7fffffff,164321.85714285713,134000.0,28756325,175,"POLYGON ((-1.987109353384389 55.80419757540798, -2.09798210485342 55.75801519606953, -2.071454002006997 55.6754321712521, -1.934497619396545 55.63906231432613, -1.823868650505532 55.68518415056906, -1.849952235504878 55.76773617533208, -1.987109353384389 55.80419757540798))"
